4.0699 2.30154 -10.1286
2.40378 5.64405 4.83641
4.17577 2.59594 -11.4828
4.01704 2.44304 -11.5615
4.57265 4.93976 -1.15586
-3.29952 1.9202 -15.0906
4.50804 2.74857 -12.8135
3.23544 5.08457 1.41272
4.50502 5.04802 0.616849
4.41154 4.03417 0.600475
5.16315 4.39158 0.333646
3.13182 5.20616 3.25812
-3.51312 0.888522 -12.4141
-4.76505 0.749367 -11.428
-5.38878 0.430427 -11.8833
4.39438 3.94838 2.95738
1.76358 5.18063 5.61233
3.88131 3.41821 2.615
4.61892 3.4209 3.03063
-4.68726 0.691153 -12.2219
3.62072 3.57169 3.05481
-8.06602 5.55421 -0.0265562
3.98721 3.98782 3.8065
5.6974 3.23629 -18.0524
-4.68525 0.683328 -12.2047
4.54196 2.8861 1.49186
2.99609 2.45548 -8.6471
6.42401 2.43967 -19.1687
-7.50625 -1.45543 0.509136
5.78164 5.10605 -0.357694
-3.34312 2.00207 -14.6668
4.58923 2.87745 -12.4075
-2.49685 2.87876 -15.9805
-2.45967 2.88359 -15.9994
5.11269 2.94832 -13.5107
-3.62412 0.923704 -12.1065
4.45908 2.80593 -11.6227
-1.84347 2.76334 -11.1635
-7.40035 2.93402 -4.02068
-5.56709 0.44191 -11.5399
6.58997 -0.493663 -19.3739
-4.84343 0.712845 -11.8857
-5.71639 3.14963 -4.9636
6.27428 -1.28032 -17.8989
5.86211 3.39003 -17.6633
-4.84073 0.704947 -11.8697
3.58449 3.87705 -6.04538
-3.9511 1.77488 -10.9991
0.962241 5.30375 -7.14407
-5.80984 1.14487 -10.7041
-5.10723 1.46644 -10.9846
5.6945 5.54246 -15.309
-5.10318 1.45714 -10.971
0.183768 5.50882 2.85548
0.757801 4.75265 -10.9973
-5.28425 1.57196 -11.1935
5.50964 5.53622 -15.4972
-5.28009 1.56277 -11.1805
1.06903 6.05374 2.8984
2.54822 4.69933 -7.72829
3.27832 4.68767 -10.9001
2.82846 4.88092 -13.6167
-1.3134 -3.80451 28.9451
-1.56437 3.98554 -8.69394
-1.23391 -3.77624 28.828
-1.53181 3.99566 -8.70613
6.96478 4.48056 -9.54124
4.23514 6.51793 -18.4221
3.12982 4.21255 -9.34264
3.44185 6.21331 -18.6174
-5.66692 1.72117 -11.9749
3.682 6.66588 -20.3968
3.74866 5.89662 -16.4529
3.97458 5.57572 -16.6291
0.542579 6.03574 -12.8581
2.28218 5.85432 -5.23841
1.03073 2.7078 -13.2013
-4.75019 2.4066 -11.7437
-0.924802 6.5532 -12.7291
-0.696966 5.88427 -15.3699
-0.282906 6.50844 -16.7769
-2.13425 6.63727 -15.0365
-4.32094 -0.576676 -12.8298
2.35128 4.25691 -15.4329
-1.78261 6.72608 -14.3475
0.433306 6.38902 -15.618
0.526722 5.18885 -17.3195
-1.77381 6.71421 -14.3265
-4.60715 6.33897 0.410058
1.03853 5.52839 -1.26405
1.95538 1.94636 -0.231355
1.35443 5.19727 -11.455
1.39744 4.27845 -12.5452
1.0511 5.00133 -15.8762
0.975612 -3.02589 27.0645
1.37008 4.22778 -11.4736
1.22053 4.54642 -12.9468
1.04377 -3.04595 27.2063
-0.178904 6.24702 -13.9267
0.81157 5.73099 -19.3275
-1.10557 5.96303 -17.0861
1.92841 4.21818 -11.701
1.5296 4.15737 -11.3183
-0.874274 6.36166 -15.983
1.3935 5.66607 -17.9802
1.08665 4.78832 -19.0321
-0.867871 6.35187 -15.9582
0.77902 4.91115 -16.1956
0.769246 6.46854 -7.53098
1.94724 1.95433 -10.6896
-3.6107 3.02248 -8.94616
6.5959 6.6882 -4.03131
2.39675 -2.80559 17.5615
2.45535 -2.8236 17.6521
-0.014975 7.50237 -9.95738
-7.09718 2.68763 -12.4437
-6.26484 2.48605 -12.6994
1.95195 4.76365 -9.68344
1.76028 4.73865 -9.44033
-0.868808 7.51409 -12.19
1.46863 6.19858 -14.1072
0.293265 5.81557 -18.6537
-6.00941 2.70107 -12.8028
1.6067 6.84199 -6.26182
2.02555 2.41169 -11.1409
2.62955 4.94048 -16.9012
1.91495 1.33458 -1.35658
2.0366 1.6979 0.531004
-3.57409 2.87625 -9.59629
-2.58 8.98979 -11.3813
1.19106 5.86305 -13.1535
6.8872 7.09261 -5.7478
1.37158 5.25877 -10.4701
5.74889 4.85192 -9.20849
-4.7217 3.75845 -10.0525
-0.423835 6.2902 -13.1788
0.945534 6.78252 -15.8376
-5.97843 3.50214 -10.7751
-3.90487 -0.36244 -12.5074
1.72636 4.89049 -9.44724
20.2098 -16.7163 22.4698
-6.19551 2.83314 -12.7021
1.6229 6.67594 -14.4779
0.0426227 5.76994 -18.3817
-5.55065 3.72576 -10.6261
-4.42481 6.20965 0.237065
2.92059 3.03916 -12.5627
3.05986 4.86679 -17.0896
2.06683 1.57839 1.28397
-3.90649 2.47202 -11.3795
6.91588 7.04946 -3.00921
1.5521 5.82742 -13.2428
1.56111 5.80919 -13.2171
0.601495 6.48779 -12.7833
-1.94739 6.85496 -16.3154
-5.08728 2.80017 -12.7556
-8.04985 6.32549 -10.6219
4.46285 5.83752 -17.1821
1.51418 6.83692 -16.2408
-6.12669 2.51236 -12.8583
-3.53653 -0.394234 -12.7646
2.1185 4.85108 -9.53224
20.4006 -15.9415 24.9804
27.6373 -19.4743 27.7578
-5.88534 2.70282 -12.9976
2.16904 6.70686 -14.8184
9.72973 -9.34527 1.19264
1.68836 5.5071 -17.0077
-5.88127 2.69061 -12.9826
-4.00378 5.89183 -0.752049
2.18127 -2.58025 -10.436
1.99166 -2.41599 -7.47523
4.11208 -5.86814 -9.39494
1.9924 -2.41853 -7.47763
7.58026 -8.53943 -13.9184
2.92376 -6.14332 -11.68
5.25458 19.4976 31.5256
-2.00701 0.363802 -1.23601
8.76619 17.2314 36.7809
-12.6359 5.86477 17.2726
2.88994 -23.7897 -49.2749
13.3136 12.6223 13.7498
0.634333 5.35614 3.82998
6.73328 -8.41768 -14.2391
2.34052 -4.43552 -9.52417
3.63635 -7.67053 -15.4246
3.61485 -7.69885 -15.4332
1.53978 16.6282 24.631
3.31104 -8.4247 -17.356
1.13316 3.26452 -0.151848
1.14239 3.27887 -0.0851435
1.62194 -3.3726 -9.55646
1.5452 16.6508 24.6585
0.536393 9.96112 12.1609
3.97758 -24.0866 -49.484
1.6476 -3.3654 -9.54175
3.66331 8.17692 0.04918
0.969062 2.84436 -0.456889
2.17738 16.8468 24.8985
-22.6032 21.7795 48.9516
1.83162 5.25132 4.73768
2.55647 16.1189 23.5718
-2.03868 6.46879 4.49333
5.5456 -10.8308 -22.5969
-1.50918 20.8059 31.5042
2.17151 -5.59116 -16.4183
-20.2737 14.4552 31.4985
0.615186 15.7787 22.9399
8.79523 -9.66263 -10.5448
4.93642 -2.20076 -13.0894
2.2473 16.4281 24.4009
-29.0466 22.6499 51.2297
1.71402 4.51239 7.47484
2.57137 -3.68077 -13.0756
0.655468 17.6513 26.4026
10.4815 -9.31967 -9.01232
17.1393 16.6824 16.3723
-28.9282 22.5127 51.0189
3.47518 -24.3628 -50.3369
-13.2562 13.1541 32.3021
2.11432 1.40527 -7.26804
1.83061 5.60169 -6.26122
2.31687 5.55422 -9.07812
1.75953 -3.49032 15.5571
1.83664 5.48666 -8.38635
1.813 -3.49385 15.5889
1.86476 5.48949 -8.3685
1.7406 6.98748 -12.263
-1.45817 4.72313 -9.92381
-1.1425 6.59289 -11.0839
-1.54858 5.02557 -10.8087
-0.715402 4.75052 -9.05632
9.47042 8.43551 -5.89111
-1.542 5.00951 -10.7865
1.73975 6.73821 -4.34628
-2.80124 5.43322 -2.80149
-2.3839 2.26119 0.326295
9.10998 -3.44421 1.16042
-4.20726 -0.785574 -0.913556
-9.31889 -0.262246 -8.20748
-2.49483 -1.33516 -1.77089
-4.30174 -2.78212 -4.94313
-4.3497 -3.02761 -2.47972
-2.51785 -1.98035 1.11674
-7.98654 3.09663 0.61403
-5.5258 -2.38865 -9.00943
-6.14562 -2.74246 -8.472
-5.25982 6.70188 1.98589
-5.35655 1.52858 -0.0587503
-1.87646 -3.51044 -2.11454
14.3635 9.37233 -29.8145
-6.90844 0.958326 -1.00576
-7.74365 0.289383 -0.417597
-46.8812 13.5569 13.3095
12.2627 5.09568 -18.446
-5.22639 0.0535995 -1.3837
-5.6583 0.926656 -3.96356
-6.04419 2.63216 -3.22381
-4.14323 0.496754 1.18842
12.4835 5.68365 -19.6793
14.0315 8.45932 -27.8393
-4.31509 -2.9626 -7.86066
-2.5887 -1.43462 -11.1815
-3.204 -2.74213 -2.60086
1.00024 3.11448 0.69419
-8.56765 -7.39559 24.332
2.53162 2.85866 0.427685
-12.3713 -16.5198 42.8676
2.3894 2.05448 -0.854561
-6.28442 -12.5481 33.4573
-5.93256 -9.6034 28.9844
-7.67117 -3.81422 15.2405
4.15638 3.50937 -5.31378
-5.44444 -2.54997 -0.0104851
-5.45292 -22.1583 58.2927
7.35759 -0.00540993 4.34546
14.936 12.9305 -26.3537
-6.41342 -3.87694 -5.42086
15.2842 13.2535 -26.8913
15.0056 12.9452 -26.3632
-7.45686 -4.31136 -6.60395
-7.43933 -4.31038 -6.59847
0.936443 0.947887 6.91687
-3.2704 -3.66522 15.8577
-4.02538 -3.00286 15.9079
-8.36382 -8.75099 28.6421
-3.20885 -3.82615 18.2042
4.37387 5.23201 -3.89179
4.79768 6.3817 -5.97329
-8.275 -10.7392 28.5189
0.895685 3.27761 0.563479
-3.94505 -4.51195 15.7874
1.71591 1.62376 4.41298
5.6979 6.95819 -7.90699
-2.35069 -1.12652 11.4639
-0.516686 1.70319 4.12647
-1.51467 0.571987 6.67709
4.9838 5.7915 -6.2974
4.77422 5.76013 -5.10541
-2.26062 -1.28087 11.6067
4.77892 5.64723 -5.83253
3.49886 4.06687 -1.18106
-13.0422 -15.0494 39.3562
-5.01179 -1.80187 11.9089
0.817183 0.360669 5.75564
2.96886 3.35002 0.456553
-0.391617 -3.73105 12.6842
-8.67558 -14.2382 39.4509
-8.02344 -14.4375 39.9874
1.74579 1.58412 3.04685
-14.0799 -10.1605 27.2293
-1.91528 -3.63546 16.1687
-6.30737 -8.93771 29.0972
1.84721 3.54969 0.335058
-8.67595 -4.31939 15.6088
0.638491 0.149528 5.00142
3.77575 3.5354 -3.89762
1.78236 2.72994 -0.85295
-7.68768 -8.79815 28.7853
-7.87677 -5.31488 21.4142
-4.34018 -2.57344 12.1493
-3.50025 -3.03951 16.0212
-15.5952 -14.0701 39.2635
-4.23892 -5.49117 17.6004
-25.0427 -17.5219 46.3954
0.953086 -0.289248 9.8226
-3.01474 -1.59041 8.16209
0.623459 1.5095 2.42923
-0.21735 -1.44146 5.40528
-4.47477 3.87986 -3.83041
-5.66732 -3.82242 -5.21608
-29.7238 -56.4793 152.62
10.0607 10.2458 -16.689
9.32881 3.42942 -2.79783
6.4154 -1.92914 8.99103
-5.10722 -3.18092 -5.84298
-6.52668 -3.8811 -5.44183
3.48001 -0.486224 12.1546
14.7227 13.0542 -26.5189
-6.61767 -3.86092 -5.35333
14.8104 13.0935 -26.56
14.8121 13.0962 -26.5652
-2.04229 2.37022 -0.259678
-2.03315 0.446281 -0.276961
-2.02559 0.460503 -0.301197
-2.79275 0.359572 6.46082
-2.39011 1.6574 2.9403
-6.53993 -4.03027 18.5797
3.41636 5.30529 -3.92505
4.02297 6.35095 -6.6746
0.663131 3.37274 -1.51383
-4.56801 -4.36197 16.4482
3.59135 3.6223 -0.688398
2.4075 2.04434 1.868
3.21629 4.30053 -3.70278
-0.334742 1.50173 2.03783
0.379805 3.97716 -0.791308
6.14839 3.12566 0.555392
3.18195 5.39922 -4.45332
5.21914 0.0930819 5.58588
-4.24405 -4.68397 18.685
4.21843 5.8087 -7.50888
-5.78851 -3.04554 10.8523
0.256341 3.03091 0.626347
-4.84696 -1.22163 9.30355
-4.34722 -5.8935 19.0441
3.84667 6.26183 -5.2265
3.31864 4.70172 -1.53762
-1.6424 -0.565201 4.77852
3.3 4.94457 -2.80318
4.53686 4.81778 -3.58692
-2.21354 -1.74982 10.7125
2.68173 2.96211 2.17226
2.792 3.50323 0.58922
4.95307 6.33307 -6.58397
2.68572 3.36938 0.472325
4.23635 4.19186 -5.21241
1.84539 0.632824 7.12938
-1.62866 -0.579999 3.51833
2.82864 -1.6878 9.26911
1.51942 -0.252452 8.9721
0.646924 -2.77307 14.3235
0.855718 -1.65065 11.4097
-1.23169 0.489542 3.56002
-9.10973 -7.1613 20.017
3.89906 5.61086 -2.50832
2.76487 1.61954 6.18537
9.61469 8.92151 -18.2786
11.0178 8.52458 -19.0418
4.43 -5.68426 17.0117
7.65401 8.89057 -15.1035
0.828046 5.9231 0.0535871
3.38428 7.48941 -18.3519
-5.93607 -4.08564 -5.64062
7.73055 -6.04548 18.5173
7.49946 -7.03139 18.8011
3.13092 7.23409 -17.9001
9.35026 9.47334 -19.6967
9.29712 10.7429 -21.789
7.68763 8.85885 -15.9165
9.41369 9.73535 -20.27
7.66542 8.82012 -15.8414
7.57093 -6.20998 20.0529
8.19854 3.56736 -0.716948
-6.95786 -4.49336 -5.91032
9.40266 9.76314 -20.312
-7.23789 -4.10995 -7.27841
-7.24693 -4.13197 -7.24791
2.07647 4.9848 -1.13003
1.47703 4.76336 -1.3509
1.10805 5.39243 -2.97065
1.88444 2.83041 1.60707
1.74426 1.91305 2.22596
1.17152 4.90923 -2.56781
1.66065 0.56248 4.14047
1.40724 5.12419 -1.88833
0.323885 -4.11467 13.9545
-1.43072 3.92388 1.07456
1.47344 2.75581 0.612745
1.3748 2.68062 0.339409
1.33306 5.43212 -1.94287
-0.695749 2.80985 4.93109
3.79628 3.52115 -1.79726
1.45357 4.97021 2.44306
-1.03018 2.97613 3.81263
1.01495 3.30581 2.8804
2.2391 3.01055 2.55815
-0.820004 1.56708 6.59949
0.773132 4.9461 0.181214
1.66937 3.03157 1.45193
1.24633 1.79977 5.37466
3.24974 4.48118 -4.08945
2.57377 1.51279 4.96893
-0.726817 -0.363431 9.88832
0.21961 -4.04049 15.6862
-0.459232 -1.71148 12.7132
2.7217 -0.693869 8.18975
-0.618184 -2.72796 13.8942
1.15837 4.4619 1.70459
0.942105 -0.427987 8.73428
5.76789 7.14345 -14.2257
-1.7086 5.74137 -8.72916
5.68783 7.52007 -14.2549
-7.14196 -4.97643 -4.42676
-1.74847 5.78213 -8.71678
7.69237 5.88991 -13.9339
-10.6566 -28.1134 70.5512
4.05322 8.08125 -11.3548
4.13453 8.81458 -10.8474
0.818098 5.98025 0.111011
9.80026 -0.291947 3.05018
9.48131 -1.44959 2.37524
-4.75061 -3.3373 -4.62392
-4.27592 3.33242 -13.2069
3.77728 7.83239 -11.9889
-4.75616 -2.46423 -6.08871
3.7968 7.81356 -11.9385
9.76469 -0.0197824 3.1531
2.36763 2.19546 -6.30184
4.10876 5.81602 -14.0099
-4.7401 -2.23616 -6.36025
3.92121 6.1718 -14.7926
3.92625 6.16259 -14.776
-13.1802 -32.7454 85.1479
-1.2654 4.53354 0.827131
-0.481593 3.27134 0.0908454
2.72835 2.98304 0.254517
0.533493 4.64137 -0.713118
0.428397 4.83982 -1.96263
2.55104 3.76843 -2.0172
2.30324 5.89354 -3.59225
2.29024 4.84277 -1.98361
2.84266 4.32636 -0.866229
2.36403 3.71823 0.117824
2.46569 3.82646 -3.36946
-9.20103 -4.60637 -6.0114
-1.07476 -8.04152 17.6519
-9.20937 -4.62533 -6.01576
-0.182622 -4.1876 12.6415
-6.26611 -4.32094 -4.70347
1.98165 5.72751 2.78506
6.0335 5.69604 -12.2171
8.23668 2.5335 -1.79473
4.34945 8.64403 -11.6133
8.58341 -2.04784 8.42415
9.37025 0.507832 2.78939
5.716 6.21996 -15.7401
4.97079 9.01276 -19.2888
5.01218 8.6487 -13.6694
7.62167 7.1374 -18.5599
9.27813 -1.78554 3.72209
8.19587 4.35789 -2.91515
5.69823 7.67792 -17.0074
6.70999 -4.35794 0.628362
5.8544 7.72199 -17.0544
5.59529 7.91971 -17.6739
5.59855 7.91396 -17.661
-1.37026 -0.738237 8.3383
-1.7563 -3.39735 12.6991
-1.87849 -1.02624 6.15331
-1.57281 0.890487 3.29506
-18.4659 -11.718 9.66268
-11.0471 -7.29526 -1.69369
-9.81148 1.82268 -9.01079
-11.3079 -6.89708 -2.59425
4.32078 9.42086 -19.4725
-7.21571 -4.88586 -5.44899
-11.214 -6.60524 -2.91718
-6.4979 -3.65008 -7.15159
-7.08576 -4.08346 -6.80228
-3.18365 6.3102 -0.144775
-10.5493 -33.0013 68.6502
-10.9426 -33.9087 70.0517
1.43911 1.33279 4.38948
0.454595 -2.47051 9.62139
-2.85059 -11.1708 25.9538
-2.1687 6.34709 0.169293
-2.24957 3.55482 -8.57051
-9.07671 4.5259 5.99997
-2.13038 3.96731 -9.59706
-2.25347 3.52121 -8.53448
6.61361 14.5521 -18.6149
-5.48327 2.23587 -8.51986
4.74667 5.93275 -9.95956
4.66528 6.23428 -10.527
-8.67049 2.83063 -2.62598
7.26566 8.03939 -15.1634
10.2708 -1.05343 -10.4676
-8.68638 -4.20993 -6.42728
-8.69937 -4.2352 -6.42568
-0.504734 6.30536 -10.2612
7.11845 8.32769 -15.0706
-10.7612 -7.07302 -2.12556
-50.0737 -39.914 76.8402
-8.89207 -19.508 46.6507
-3.76561 6.60465 -0.764953
-3.77005 6.60184 -0.773064
-0.761374 5.35981 1.94672
3.77475 8.26264 -18.2317
4.14499 6.81399 -11.032
-1.6676 5.1347 -9.80521
-6.13109 1.22068 -7.7605
-4.4888 -2.58363 -5.1799
-10.8519 -0.281478 0.272552
4.20262 6.14446 -10.9911
5.01129 6.28513 -16.5784
1.5357 6.81821 2.64473
6.32294 -1.10686 -4.18751
-1.50201 -9.14908 24.3789
3.79331 8.11818 -17.9645
4.23488 6.07487 -10.9404
4.15645 6.73543 -11.0008
-10.5985 -7.22504 -1.69729
7.13078 8.38346 -14.9769
-3.32117 3.7707 -13.4822
-1.63286 5.11074 -9.0696
4.54562 8.25111 -16.5551
-3.69161 -4.73881 -2.43789
4.21913 6.1453 -10.9974
4.20253 6.14132 -10.9963
-10.7872 -6.6845 -2.75708
-1.61281 5.09418 -9.0271
5.03395 6.53588 -16.6803
3.40564 8.23803 -17.2164
-4.42882 -2.27145 -5.86027
8.19647 -0.446261 0.750926
-10.7106 -6.39529 -3.0747
7.56143 8.95311 -15.7153
-4.18831 -1.23577 -7.57128
-4.19498 -1.26431 -7.53103
7.19485 7.9614 -15.1548
27.742 47.75 -83.2942
-2.31472 2.25304 0.146559
-3.22667 6.24033 -0.282885
-3.05537 0.127671 2.31117
-3.05294 0.140916 2.29052
2.31723 2.42181 0.0326646
1.23806 1.16975 3.56795
-0.87201 -3.69556 15.016
-4.07807 -12.5065 29.1272
-2.69125 -3.86068 14.6921
-2.03474 -5.89708 19.3895
-2.2039 6.29683 0.0777476
8.41757 9.4848 -16.7615
-2.18191 3.57147 -9.88905
8.41349 9.48914 -16.7853
-2.18643 3.53999 -9.85635
6.89428 14.5517 -18.7801
0.172113 0.0543907 9.71511
-4.65838 2.49265 -9.25053
5.11669 6.24433 -10.574
-5.23702 1.63288 -12.6972
-8.23755 2.96859 -3.15637
7.71208 8.2805 -15.6843
10.4378 -0.788689 -10.621
-8.15634 -3.91036 -6.86318
-8.16952 -3.93499 -6.86136
-1.39584 -4.72357 17.0855
-1.39855 6.83759 -13.006
7.63835 8.5639 -15.6558
-5.62766 -3.83365 -5.23989
-0.635068 6.39937 -9.47344
-4.08677 -4.00109 -3.85374
-6.49821 -18.0456 42.2428
-0.352163 6.1505 -9.95161
-0.358748 6.14514 -9.9497
6.43894 7.96108 -9.01085
4.50974 8.49225 -18.7501
4.54488 7.0752 -11.468
-3.23946 5.14305 -11.5535
-5.31969 1.50251 -8.47529
-6.54524 -4.62776 -5.44438
-10.5923 -0.173961 -0.0636752
4.62154 6.61166 -11.3796
1.2882 -2.3937 9.57396
6.99078 6.50004 -8.7267
-6.17596 -3.95992 -5.47451
6.43917 -0.910924 -4.29485
5.09631 12.58 -24.1652
0.788384 -3.13417 11.7651
4.51674 8.3552 -18.4922
4.62014 6.22421 -11.4921
4.55564 7.00225 -11.4409
-10.1208 -6.93949 -2.09202
7.64596 8.61005 -15.555
-7.4644 1.29337 -12.0935
3.60212 6.71032 -16.4711
-1.35843 5.16783 -11.7605
8.29794 9.76054 -19.5268
-8.66451 -2.38166 8.40431
6.14867 4.2956 -9.61311
4.63321 6.55406 -11.4351
4.62194 6.60934 -11.3861
-6.11937 -3.75404 -5.6901
-1.33013 5.16408 -11.7438
5.28785 7.96866 -12.5082
5.76857 7.43704 -18.3158
10.0797 5.41159 -8.94933
4.5948 9.87642 -19.4196
-6.61287 -4.50552 -5.87657
8.28633 0.216123 0.357748
-10.2007 -6.10243 -3.49272
-1.66227 4.89711 -11.6893
-5.89305 -3.22803 -7.57839
-5.90005 -3.25607 -7.54087
7.71436 8.24268 -15.7683
11.4997 5.01578 -16.3882
4.53475 7.99812 -20.3099
-1.8632 0.650768 -0.863182
4.20933 -0.526174 -7.06054
4.04595 -0.499608 -7.31881
6.14588 -0.0917745 -6.46923
9.27482 -9.98609 5.36104
6.17698 0.667366 -6.11892
-10.8415 -7.86445 2.03019
-6.64989 -6.57561 6.06442
-0.699828 -5.55784 7.79851
-14.6927 4.22856 19.2684
-14.6877 4.21237 19.2312
0.729751 5.96882 -0.27018
-8.03601 -7.81138 0.744976
1.84065 -6.45817 5.17145
9.84567 4.93928 3.69915
1.62606 -6.10125 5.73007
6.01518 -3.51177 -9.3506
6.22257 0.920194 -5.85268
5.25883 -2.42796 -13.4743
-16.3078 2.05225 16.6044
4.82368 -8.77893 -11.0318
5.14814 -2.0723 -5.59227
5.80715 -3.59379 -10.0526
-16.2856 2.06307 16.724
11.5508 -9.04369 13.2992
-15.2872 11.5452 10.3814
9.47371 1.09264 0.0492273
-9.58598 -8.24998 0.83157
5.77643 -3.55432 -10.1436
7.63105 1.05244 -7.62955
-9.80258 -8.33536 -0.424719
-9.79481 -8.33868 -0.400827
6.11335 -0.299263 -6.66858
-1.47522 0.929161 4.92823
1.6643 1.97793 2.71619
6.40308 -1.34786 -1.48873
7.53648 -7.84756 15.6424
8.98048 -4.08925 8.98119
9.14445 -3.88883 9.47345
6.19 7.91398 -13.87
6.2451 8.46404 -14.8411
6.24499 8.45157 -14.8217
3.49558 -8.82532 29.1152
4.1112 -5.89587 14.3834
18.9488 21.4414 -45.6193
4.66794 -5.86906 23.0484
-6.04481 -4.21528 -5.27729
6.36116 -1.61386 14.2203
7.53583 1.81838 2.99481
5.54602 -3.64645 18.456
-6.39379 -4.24676 -5.78959
5.70203 0.0234734 13.7777
6.42724 0.417257 7.78645
-6.98601 -4.2687 -5.96754
-7.95009 -4.70589 -6.31689
3.58249 2.68315 -0.629321
-3.08866 -4.77351 14.8198
-7.08671 -4.5126 13.773
2.93444 -6.86915 27.7765
-2.94368 -3.30572 0.101953
0.441138 -13.2242 30.1363
24.9888 34.2843 -75.6572
3.35448 -5.49499 25.6438
2.4968 -7.51318 29.501
-5.9737 -4.15817 -5.37871
4.71161 -2.09773 18.8558
4.51724 -2.30289 19.4734
3.01565 -5.93388 26.8896
3.95689 -3.90254 22.5996
-6.33781 -4.1947 -5.87993
5.41259 -0.498935 15.4067
-6.5754 -4.00849 -5.36887
3.70135 -4.19713 23.4705
-6.88817 -4.18998 -6.10583
-7.68826 -4.4508 -6.76875
7.78118 -3.36159 14.2537
7.81422 -2.3814 13.842
7.65124 -3.42449 14.385
8.10574 -0.208852 10.2765
8.12494 -0.0154955 8.90485
7.80672 -2.22568 12.5547
8.06907 -1.12683 10.7505
8.73465 0.545439 2.03588
8.26031 0.814132 8.50055
7.95694 -1.1373 10.7853
9.91235 1.05871 1.33533
0.500896 3.22618 -0.794395
1.99522 4.84165 -0.0181387
0.624274 -1.75342 11.9284
1.52075 1.56722 7.93518
-5.41735 -21.7475 60.5849
-14.6818 -50.5781 110.743
-17.9824 -63.9928 137.444
2.40459 -5.12787 12.1466
-5.8355 -22.5076 62.7454
8.92752 0.808307 -0.0354702
-2.18348 -9.31885 36.5864
9.16535 -0.535468 1.0843
-2.31715 -9.41788 36.8375
-4.36181 -17.015 51.9272
9.1692 -0.696265 1.15574
-10.1728 -42.136 93.3538
2.62574 -3.59751 9.97485
4.66077 5.7045 -13.1981
9.23352 0.384513 0.805215
4.72666 6.21104 -13.0058
-1.4057 -6.44469 30.8263
6.71097 7.04906 -16.2174
-3.29161 -13.007 43.9877
-4.47135 -1.60444 -6.7309
6.02401 7.05403 -14.2313
4.07238 6.22783 -14.6961
-12.739 -35.0218 81.7375
4.57656 5.82237 -13.0685
-9.60866 -24.7559 64.1081
0.279986 -0.222172 9.2969
3.27104 5.70472 -4.6486
3.40298 4.82285 -3.13708
3.12665 6.75075 -6.4691
3.50372 4.18312 -2.06968
-2.44273 -1.61994 10.9249
-2.1995 -0.387112 10.6641
-1.95755 1.51928 5.19656
2.10054 3.39427 -5.0327
3.22538 6.0144 -5.19477
3.34879 5.16571 -3.73495
3.23614 5.13432 -4.81974
3.16467 6.47502 -5.97979
-1.69514 3.01733 2.41768
-2.83377 -10.0309 27.9781
-1.60431 3.52213 1.4509
1.41526 5.23426 -3.18806
2.10639 0.697067 -0.840494
3.22318 5.38711 -4.88683
2.49377 4.66582 -0.758304
1.96255 5.12403 -1.1991
-2.24316 -0.252896 8.45613
4.12003 5.28462 -6.23442
1.80811 2.07901 3.72331
3.40898 6.17041 -4.39364
0.356905 0.551062 5.15252
-3.00657 -5.09449 19.9483
3.51807 -0.968078 6.38447
3.68918 4.20027 -0.743127
1.69804 -2.75048 13.1204
-0.667796 1.94229 1.06206
0.815976 -1.28599 7.53477
3.18032 5.15848 -5.92913
4.37546 4.65248 -2.57462
2.63712 3.90397 1.19402
0.385782 3.89691 2.24299
4.56239 2.92216 -2.08094
2.7329 2.46121 4.02175
2.56398 5.10291 -1.16849
3.95456 2.76951 0.331713
2.06599 1.69747 5.44842
-0.792012 3.21018 6.53027
2.89688 3.61579 2.77463
4.69306 4.96555 -6.68768
4.83777 1.98935 2.28648
2.9666 0.690179 8.07858
3.28304 0.895956 6.17465
4.96576 3.2518 -1.61334
4.37948 3.63505 2.86841
3.11601 2.65758 5.29356
3.25638 2.79683 5.48208
3.38723 3.5482 4.40436
3.36275 3.98232 3.49646
9.23283 -1.04134 3.14621
9.2199 -1.02835 3.08185
9.26431 0.718285 2.87246
9.25271 0.741767 2.83352
6.09623 5.19658 -11.8535
-9.21279 -4.59773 -6.10999
26.6571 62.7619 -150.887
-9.21861 -4.61386 -6.11787
9.25602 1.27043 3.34239
7.92637 -0.795498 3.39967
8.22364 -0.682425 3.98685
7.45629 -2.49811 5.02991
-6.36955 -14.558 53.671
9.21364 1.33645 3.15482
7.86025 0.145037 2.1069
-8.90393 -6.45135 -3.43946
9.14431 2.27988 3.20986
5.14321 8.65095 -13.361
7.84603 -3.60342 7.31334
9.18505 1.19296 2.56872
7.71844 -3.24318 6.58262
-3.15244 -6.50827 34.4293
-7.43015 -16.4069 59.0238
9.07039 0.249319 3.11842
7.93932 -0.847522 3.6232
5.84665 5.72681 -12.8952
7.99819 -0.993939 3.97599
6.49727 5.39077 0.28384
5.06401 8.32508 -13.2992
5.0616 8.32936 -13.3095
-4.3664 -9.7772 42.0121
6.91346 8.35833 -19.9534
5.6424 7.18618 -16.3756
6.09261 7.39259 -15.9642
9.77157 0.44669 2.51252
8.5302 6.22908 -6.44882
8.11527 -0.43781 3.4382
5.85856 6.78767 -15.3945
7.99053 -4.01364 8.16651
-1.40199 -2.81691 24.8483
7.80059 7.14947 -18.2296
-5.06583 -10.9087 45.4007
7.79865 0.843229 1.12644
5.77649 7.79103 -16.8957
9.15561 2.26228 -1.55092
7.34645 7.19567 -16.5449
9.28625 2.08381 -1.26017
9.81147 0.310875 2.14672
4.75205 4.43062 -11.2686
4.48444 6.04032 -12.4903
7.9176 1.21922 -4.90424
-7.07533 -4.03177 -7.07516
7.33912 7.19728 -16.5743
-35.8719 -67.5252 175.762
4.40542 7.76747 -18.716
5.5957 5.96493 -15.1883
8.39219 5.83668 -15.5774
-4.86961 0.236953 -2.5766
1.44564 4.37471 -1.47124
1.39006 3.04063 0.583448
1.87195 3.51576 -0.68873
1.46129 4.82801 -2.17897
1.40855 3.56365 -0.231861
1.12883 3.27028 -0.738496
1.49284 5.49594 -3.19671
1.8846 4.71973 -2.47081
-0.883769 -8.89749 21.4482
-1.41804 -5.7924 15.5498
3.4813 3.80214 -2.20905
-2.43131 -8.47077 18.5442
1.76014 -0.920964 5.01259
1.8866 5.13061 -3.09591
1.70739 -3.40428 8.65156
1.38347 4.0755 -0.90945
1.86058 2.11514 1.38429
-0.0388904 0.68271 6.34738
2.30134 -2.26332 9.0929
1.70651 -3.7084 9.25559
1.33411 -3.92161 13.0871
-2.60912 0.462113 5.06645
1.1614 -0.691693 6.70515
0.949533 3.10034 -1.44309
4.03079 5.90732 -2.80679
3.79839 2.53683 0.0845434
0.914814 4.24631 1.49896
4.02011 2.89317 -0.0310324
2.73899 2.21827 4.27279
4.40453 3.97065 0.685645
4.19886 5.65491 -2.06249
5.21281 4.91982 0.120517
4.19806 1.19587 2.52701
2.63524 -0.054013 7.67703
4.3069 3.11384 0.0636379
1.82364 2.14522 6.45825
4.55738 5.14664 -0.620786
2.04809 3.55633 4.24688
9.12749 -2.47602 5.22128
9.223 -2.42778 6.35486
9.15546 -2.29753 6.29946
9.05928 -1.60578 1.79722
9.15008 -1.356 6.4323
9.13848 -1.31916 6.3753
6.25739 5.21481 -10.3426
5.39454 0.909229 4.53758
7.63885 8.42143 -15.3723
-4.33868 -12.6576 29.2909
-9.02421 -4.42121 -6.36968
7.30555 13.3945 -26.3498
-9.0376 -4.44646 -6.36837
5.83876 8.68507 -19.2051
-18.2932 -11.5307 8.913
4.9934 6.49608 -17.1743
5.46331 7.33896 -18.3262
5.7575 8.29988 -18.3257
5.71066 8.06223 -18.1963
5.13305 7.58998 -18.7964
-8.19568 -5.71147 -4.59876
9.63413 -7.17423 9.05894
5.79383 9.02888 -19.1052
-2.09099 5.23794 -11.9107
5.72407 8.33958 -18.9307
10.4386 0.568274 -4.60578
4.51719 8.19591 -18.021
5.75006 8.96806 -19.0047
5.70752 8.22521 -18.2064
9.05611 -1.08795 5.98331
6.31272 7.11293 -11.9109
8.58573 -2.82383 2.67962
5.32892 8.16067 -12.8173
5.32685 8.16598 -12.8271
5.75123 8.44011 -18.3288
-9.42519 -4.64106 -6.82024
-9.65479 1.95723 -9.08782
5.1492 3.83663 -11.4996
-6.65779 -4.44384 -5.82928
-18.9842 -12.6123 10.8223
10.8462 0.898564 -3.71869
4.99281 11.0721 -20.4389
5.29181 7.61766 -12.4922
8.66263 -3.05899 2.88738
-8.12657 -6.36457 -3.46644
5.75751 8.77338 -18.3945
8.84691 8.57534 -17.9142
5.70356 8.3725 -18.2174
8.3032 -2.19134 1.52566
-7.13914 -4.41984 -6.11031
3.31964 5.01876 -11.3123
10.8955 0.486631 -3.44661
5.25672 3.36158 -10.7892
9.41562 8.86394 -21.118
10.7324 5.04305 -11.3667
-6.48266 -3.63119 -7.29828
3.31172 5.01906 -11.3514
4.17558 5.49471 -15.3814
5.63543 8.58005 -18.3087
6.41309 8.08689 -14.8176
6.27207 5.71765 -10.2609
7.36441 7.49582 -15.0617
-3.12419 6.39784 -0.180459
-12.4291 -37.45 75.5246
-12.1498 -36.9098 74.7828
0.769573 -4.86816 9.91025
-0.20934 -0.15788 7.59673
3.31144 5.28804 -4.40723
0.377846 0.426783 7.84099
0.703757 4.35665 1.91921
4.25104 3.27659 2.29547
9.3669 -1.74204 5.58355
9.45974 -1.80322 5.17881
11.726 3.69463 -8.15735
9.10746 -1.6298 2.50543
9.05971 -1.47263 2.30833
9.04865 -1.44092 2.26638
6.29499 6.26799 -10.2168
-1.28491 -5.15378 17.3176
-6.69378 5.30977 -5.9921
-8.71705 -4.22294 -6.48566
-4.61092 -21.1327 46.9779
-8.72818 -4.24587 -6.48678
-0.660603 -4.93781 18.8113
-4.64675 -2.86947 -5.30109
-13.8807 -37.849 76.7101
-10.1975 -31.1115 63.6959
-8.2958 -34.405 64.0329
-0.117036 -3.04476 15.8323
-0.886818 -5.32439 19.6348
3.64193 3.50896 -13.0106
-5.7835 -4.07605 -5.67307
9.10394 -9.11278 14.1132
0.726379 -0.0421054 11.1221
-2.23129 4.96742 -11.0394
-7.33866 -35.9739 66.8342
8.97353 -1.03217 1.82787
9.4524 -0.147255 2.24559
3.94185 8.10154 -17.6078
0.579997 -0.236572 11.5815
-0.308521 -3.32934 16.4779
8.96981 -1.25511 1.99885
-13.4382 -42.7223 86.6466
6.05907 6.91002 -11.3596
-12.1269 -34.1345 69.9706
-2.18726 4.98248 -11.0355
-2.19127 4.98695 -11.0414
-8.12068 -35.2925 65.5768
0.301759 -1.53835 13.4799
-9.09832 -4.43821 -6.98163
-11.1399 -0.806932 1.05974
-3.23587 3.80703 -13.3232
4.79647 3.6382 -10.9836
4.34467 6.21071 -10.9025
-6.43488 -4.27879 -5.90259
-10.9296 -7.59919 -1.41175
9.99219 -0.800032 5.64044
4.3136 10.5101 -18.8943
-2.89449 3.36892 -9.80501
4.1599 4.40544 -14.215
-6.98696 -5.73494 -3.80206
-6.82548 -35.9249 66.7396
1.09601 1.24371 9.08379
8.4886 8.46474 -17.4142
0.135065 -1.76687 14.0158
-14.6071 -42.8861 86.638
-4.19777 -1.59263 -6.79508
7.40694 7.97336 -15.0255
10.0515 -1.15716 5.69128
4.32973 6.1536 -10.9589
8.82384 8.68796 -20.7541
7.73842 1.61693 -3.77416
8.15913 1.79047 -2.71613
-4.03309 -1.04645 -7.89176
7.40166 7.97772 -15.0596
-12.7223 -29.0897 63.1575
4.58729 8.65595 -17.5408
-7.08027 -5.74456 -3.99122
6.09276 5.57926 -9.8228
7.49474 7.7483 -15.0773
-9.94426 -4.47127 -6.77405
-1.51094 -0.136368 9.52212
-1.85925 -2.82039 14.0801
9.3373 -1.55119 6.84995
6.81652 12.3495 -25.072
4.14419 -2.51978 0.306602
8.99609 -1.65896 2.99797
8.98581 -1.62446 2.94988
6.68542 6.68678 -11.0085
7.79872 8.60869 -15.4455
-8.18188 -3.92002 -6.91282
11.5145 1.80612 -5.43574
-8.19306 -3.94222 -6.91386
0.128906 -6.49489 20.874
-5.65272 -3.87136 -5.26783
-11.1355 -29.4126 61.0079
-9.61643 -34.8049 69.439
7.18633 -4.30355 10.1738
1.10882 -0.345682 9.52091
0.534108 -1.99863 12.168
4.50226 4.76253 -14.9309
-6.6211 -4.71101 -5.40296
11.3007 -1.3705 -1.92416
1.6894 1.80417 6.43126
-1.36931 5.1212 -11.5165
7.54764 -5.92382 13.2116
5.61062 7.45587 -17.7768
9.36786 -0.28135 2.57185
1.53497 1.59327 6.94115
0.902694 -0.663058 10.2543
8.91183 -1.42174 2.6443
6.49954 7.30892 -12.144
-8.99846 -24.9502 52.6227
-1.52482 5.13401 -11.6617
-1.52871 5.13814 -11.6672
1.38381 0.70027 8.04372
-4.15852 2.89489 -13.3834
4.73421 6.35733 -11.4432
-6.02381 -4.01048 -6.25285
-7.82558 -5.70842 -3.64508
9.78037 -1.68523 6.22413
-6.64215 -5.51046 -4.09627
-0.761954 -2.16927 14.3337
7.68464 -6.52761 14.3494
1.97207 2.79425 4.9544
-6.12966 -3.7417 -5.76868
1.20515 0.445154 8.65263
-6.5334 -4.0284 -6.54283
-9.04702 -33.0503 66.4782
8.04731 8.34207 -15.7797
-8.26119 -32.4779 64.939
9.83389 -2.15311 6.46812
4.73117 6.37183 -11.4687
-13.0636 2.30538 -8.16772
8.01033 3.0119 -4.45265
8.25594 2.27841 -3.1346
-9.59501 -26.8091 57.0384
-5.86375 -3.19216 -7.72929
3.27226 5.08216 -11.2297
-9.50831 -26.1344 55.9076
7.27426 8.86227 -19.3292
-6.16163 -5.11503 -4.53331
6.59287 6.41966 -10.7632
8.13177 8.15439 -15.8543
-2.45968 2.22258 0.528579
0.35915 -6.96906 3.96139
0.447114 -7.01608 3.8415
11.4767 -1.54282 -2.10028
0.214444 -6.41308 4.60112
0.533486 -5.96405 5.83104
0.902174 -7.33447 3.8527
0.508508 -5.9489 5.86682
5.72758 -0.996583 -7.41774
3.29018 2.53961 -5.06478
3.30947 2.56468 -4.9865
-11.4214 -7.94073 -0.505859
3.58024 -4.34074 2.10796
0.896037 -7.42515 3.76733
10.808 -2.04266 -1.79799
0.276052 -5.03914 6.97918
-10.7806 -8.00532 1.6488
0.0788611 -7.59781 4.42049
0.581839 -7.65569 4.01099
8.98086 -1.29359 -4.55497
0.0632948 -4.44864 7.7482
0.195023 -5.03837 7.04821
0.560831 -7.1486 5.27283
5.21751 -1.96861 -5.48715
3.46356 -4.50702 -7.70422
9.42642 -2.45368 -3.25927
-0.388493 -3.24781 9.32067
-13.6263 1.80951 14.1586
9.29055 -1.31598 -4.47067
6.24672 -0.134774 -6.51672
0.292095 -5.67405 6.32336
9.19347 -1.30309 -4.48959
-0.480962 -3.23317 9.41718
-0.0289626 -4.43269 7.84324
0.336421 -5.87413 6.08222
0.0955363 -7.53127 4.48363
7.80503 -2.4938 -7.95782
8.70022 -9.03005 11.6259
-13.4388 6.05056 6.68775
-11.5186 1.99108 12.1113
-11.5243 1.99427 12.0947
8.40417 -6.98759 1.75617
-0.151984 -3.88571 8.48967
-16.1255 -10.7347 2.55543
5.45935 -2.24281 -13.2496
6.23389 -1.67919 -7.15359
5.15255 -10.2026 -1.21087
-6.80709 -7.49556 -1.14314
6.11868 -3.39488 -9.27011
9.65915 -0.0820943 -3.26528
9.88015 4.98396 3.74894
3.85775 1.65332 -5.21009
9.92655 -9.85062 11.3482
4.08063 -2.93031 -8.40393
-12.3874 7.10551 8.72385
7.52412 -1.32447 -5.38331
9.3971 -1.32052 -4.44367
-0.617007 -2.61781 10.1339
6.23378 -0.85998 -6.8117
-12.4229 7.16321 8.75556
5.91559 -3.47733 -9.98762
-0.246803 -3.86649 8.59132
0.348689 -7.09637 5.44957
-9.68386 -8.27331 0.109335
8.91939 -9.04265 11.8599
6.35789 -0.602845 -7.34462
3.14118 -1.25526 -10.9376
-15.3014 -10.4084 -4.48932
9.09067 -9.13823 11.8753
9.6823 -0.439825 -3.58076
6.64445 -9.29241 -2.10599
3.07526 0.0216879 -5.2911
5.34163 -4.09091 -0.132117
5.79921 -0.0406836 -7.60676
0.0986455 6.28185 -10.3812
5.29335 -4.07381 -0.132234
3.32205 2.1436 -5.32126
5.13567 -10.2602 -1.30859
6.03122 -9.68191 -2.67309
8.08756 -1.4121 -5.08353
5.36097 -7.92244 -11.076
8.06204 -8.40608 11.8451
-8.14974 -8.20748 -1.68043
9.73784 -3.22306 -2.72401
6.34593 -0.635864 -7.40207
-5.20033 2.64553 -1.58372
-1.16956 -6.68859 6.24305
5.05348 -4.04487 -13.6889
5.33942 -4.09241 -0.134836
0.0814618 6.69712 -10.2316
7.16958 -2.30176 -5.93199
4.02587 -3.02464 -8.61676
6.90308 -2.70104 -6.01156
6.34395 -1.18914 -7.59464
6.64494 -3.56127 -12.2515
8.94896 -1.44212 7.21627
8.95165 -0.587397 6.38278
8.90703 -1.38837 7.10285
8.95223 0.991205 4.78751
8.91223 1.03703 4.69475
8.90858 -0.520121 6.25854
8.94957 0.18182 5.60998
6.79887 -8.12237 14.6761
8.958 1.73224 4.0251
8.90752 0.24368 5.49547
8.14548 5.71527 -0.314156
8.04961 5.59657 0.143534
8.62646 5.77266 1.49028
-0.469709 1.37808 -0.0544852
-2.31296 1.95337 0.287205
-1.96561 4.14955 -0.216416
7.77733 -2.77186 1.3748
11.0823 -3.94992 0.819756
11.1101 -3.8571 0.668179
0.0861568 5.40803 0.155528
-7.38279 5.41054 1.20587
-5.96281 -3.53487 -0.655774
12.397 -3.22424 0.326558
12.2253 -2.93262 0.313857
-3.08043 -5.30731 0.519384
9.00678 2.0276 -0.594409
8.83602 1.53014 0.244756
7.78405 -4.11176 -0.391582
8.56511 0.460932 0.584822
7.07528 4.06417 0.0618431
4.51532 0.221987 -0.697423
6.9919 5.14648 0.325824
9.76524 6.01021 -2.01176
9.82342 -4.81881 -3.13016
9.63326 6.47406 -1.32963
8.84322 8.5639 -4.40795
5.37808 1.97346 0.673389
9.82417 5.64245 -2.29603
9.4122 1.12149 -0.229261
13.8796 -2.4724 -0.0172095
-7.03479 -4.22899 -5.1712
5.7691 3.05346 8.28961
15.1944 18.3249 -28.5281
-1.76246 0.893329 -9.85368
6.48132 4.98817 0.306954
-15.5089 -12.6292 2.6632
-5.99409 -2.99178 -6.00296
15.5654 18.9847 -30.0952
-1.62184 2.67189 2.66732
7.00931 3.84509 0.235096
8.86215 7.99387 -5.80389
9.28686 2.349 0.235243
9.48013 5.81309 -1.80751
9.334 3.4551 -0.00911956
9.55667 13.1385 -19.7738
8.93142 7.64139 -3.94854
8.76435 7.34899 -5.44583
8.82197 7.43106 -3.54259
8.84263 4.32979 0.582219
-8.79319 -5.77837 -5.76505
8.82948 4.82308 0.836925
6.86739 3.69057 5.15672
9.27417 5.71039 0.471931
8.8569 7.80726 -4.30994
8.84216 4.53924 0.135775
9.43738 9.00179 -10.0377
8.90435 0.695682 -0.00983669
9.0245 2.97494 0.148126
8.88798 0.711027 -0.0569452
8.86853 1.64351 -0.0239208
8.88285 1.63061 0.0154026
8.84991 0.724368 0.149566
8.92983 1.5754 0.140641
8.98514 3.26113 0.185922
8.80851 2.81524 -0.204591
9.5514 3.54628 -1.38164
-10.7567 -24.8078 59.0471
9.43963 4.44691 -0.0642765
-9.11581 -19.464 52.8626
9.37379 5.00923 -0.00852346
8.87547 2.55916 0.016795
8.75687 2.9106 -0.336376
9.44729 4.3347 -0.127517
-6.58279 -16.0747 45.5532
-10.248 -21.6315 57.0715
4.07661 8.5177 -14.4319
9.50579 3.839 -0.580936
4.53148 7.97857 -13.2192
8.6823 3.23718 -0.730377
9.35541 4.25601 -0.0448296
9.47292 4.1129 -0.266721
9.53362 3.63945 -1.01763
-10.8636 -24.7344 60.3162
-8.26001 -18.9887 56.3234
-10.7122 -23.8763 58.7945
-9.07222 -20.328 58.1027
-12.8116 -41.6382 96.5375
8.88826 2.98915 0.00399194
-9.02922 -20.2991 58.1417
-12.3082 -39.3517 93.4977
-8.743 -18.4945 54.5188
-12.5643 -40.1016 93.3006
-6.26234 -14.1768 42.8788
9.48511 4.00744 -0.364609
8.90215 -1.05489 0.438808
9.02247 3.94494 -2.31129
-2.10794 -3.71579 -0.291997
8.80566 0.480063 0.350586
8.959 3.88342 -0.556504
8.79152 0.507769 0.278435
8.77726 1.3573 0.423326
8.80463 1.48511 0.405221
8.79078 0.547233 0.364424
8.84507 1.40513 0.588147
8.78511 1.88364 0.771882
-6.4104 -4.6098 -4.53739
8.92311 4.3516 0.000242247
8.42517 1.27013 0.362427
7.1305 4.17713 0.274525
9.43598 4.63395 -3.25837
8.64735 0.823027 0.212046
-9.7452 -14.8908 45.09
7.12582 4.14459 0.173396
9.30938 3.69315 0.305655
-16.5637 -25.3261 73.3683
9.30843 4.9697 0.238844
8.56033 6.18254 -3.809
8.89401 4.00602 -0.703435
8.88105 4.4332 -0.139739
-7.84306 -5.89336 -4.5561
9.31386 3.602 0.192864
7.12064 5.24849 0.250802
7.10913 5.28169 0.201226
5.70535 10.3007 -16.5403
9.39229 4.48172 -1.64906
-5.04214 -4.53108 -4.391
7.24688 5.21704 0.371046
8.86173 4.57056 0.13043
9.2227 3.02893 0.00561738
9.33344 3.43371 -0.0652735
9.41734 4.54308 -2.56532
7.10782 4.29764 0.246737
5.61037 9.14527 -16.1042
8.00014 5.14405 -4.50325
7.40336 4.92228 1.96477
8.023 6.18151 -3.06016
-28.5176 -48.0641 134.869
5.60935 9.68603 -16.1681
8.88562 4.6837 0.516028
5.60676 9.15209 -16.1125
7.71801 4.47169 3.61386
9.35003 2.47812 0.249022
9.35663 2.48919 0.269852
8.87958 4.05391 -0.462393
8.87857 4.80294 0.607177
7.58513 4.82618 2.87511
-26.7917 -43.6048 124.587
7.60397 4.80193 2.97667
8.83153 4.77639 0.290332
7.05882 5.53417 0.0794243
9.31892 2.69852 0.156043
8.59861 1.91794 0.457324
1.50449 -1.25285 9.64238
-1.20909 -2.84937 10.0238
-1.41943 -3.20431 12.2712
-0.480243 2.66097 4.14153
-0.182836 5.04571 -1.13744
-1.59553 -4.47697 13.944
-0.634053 1.78624 5.32697
1.57949 -1.40209 8.1742
-0.4009 3.3978 0.925847
-0.498211 2.95387 2.58966
-1.36259 -4.68453 12.4001
1.62639 2.18308 3.62102
-0.269054 4.42195 -0.361996
-1.25462 -8.28472 16.3879
1.66728 2.83234 1.58319
-0.61854 2.14513 3.62996
1.53391 -4.2355 10.1737
1.79847 6.05592 -2.44579
2.08404 3.52135 0.746156
8.83808 -0.570817 0.543859
8.81495 0.0275269 0.654333
-12.997 -2.56139 3.11386
-2.09956 -3.6946 -0.326128
8.76276 0.235967 0.520496
8.94409 3.01739 0.896827
4.69273 9.69707 -9.05501
8.75008 0.258093 0.464418
9.33945 22.2714 -30.5114
9.35392 22.3159 -30.5675
10.2271 24.8933 -33.3875
9.40859 22.4851 -30.7755
15.1937 35.0296 -43.7276
8.64484 -4.97798 -2.6589
8.94295 3.64239 0.876588
-16.0828 -11.1103 5.46181
-9.61309 -8.23864 -2.7323
9.06551 21.4541 -29.7724
8.62055 1.33091 0.318206
8.37328 1.06776 0.472279
10.5811 4.04696 -5.99522
8.5797 0.442714 0.341409
7.0397 16.4184 -23.3698
7.12162 16.5943 -23.5902
9.20623 3.5714 -1.95455
6.99546 16.4241 -23.2418
9.88045 9.43123 -10.3249
8.88203 3.2272 0.634461
7.04971 5.94126 -0.0701404
9.00008 21.2696 -29.5431
-6.88943 -4.88485 -5.46093
9.20774 3.24129 -1.67772
7.08547 16.6045 -23.4805
-7.3541 -4.764 -5.82228
9.24942 1.57959 -0.402525
8.88116 11.5466 -17.1165
-2.55825 4.21409 -7.4739
-7.9561 -7.91051 -2.07965
10.0437 23.7593 -33.209
9.43806 -1.394 0.371763
-5.46157 3.35236 -8.41342
8.84713 20.8438 -29.0592
12.1551 -12.3533 16.2526
9.68698 9.63197 -10.6841
7.9551 3.06568 -2.7192
10.3587 6.92819 -7.75758
9.22203 2.56063 -1.12104
9.28652 0.684079 0.131502
13.1457 -15.6846 20.8993
7.39911 17.4269 -24.663
8.34141 4.01277 -5.86105
-1.51063 -3.56808 0.146418
-14.2575 -11.5695 0.546846
8.14682 5.99297 -5.76301
7.31402 17.2524 -24.4347
11.1094 25.1874 -36.3056
7.91844 4.44831 -3.52747
-6.91077 -4.98196 -5.45603
8.87928 4.62753 0.754963
-14.2181 -11.4872 0.475437
-6.18582 -3.01221 -7.5113
7.18847 16.6065 -23.8048
8.80656 5.35567 -6.4676
5.76193 10.7894 -13.8285
-12.6294 -9.20651 -3.09945
8.37946 19.1297 -26.4256
11.2062 26.6849 -36.3502
11.186 26.6382 -36.3064
-2.00684 5.95696 -10.9199
8.89804 3.73997 0.591579
-14.5091 -12.086 1.03498
-14.0287 -11.053 0.32372
8.68655 20.4034 -28.5669
9.96381 23.5642 -32.996
21.9726 86.3394 -91.001
8.69389 20.4272 -28.5694
8.07582 7.15003 -3.20294
8.5606 2.33655 -0.501316
6.17936 3.28319 -0.00252723
8.83233 0.0970497 0.648577
5.58333 10.9217 -14.0631
-2.05488 -3.57276 -0.294615
8.81509 -0.58862 0.565939
8.78549 0.30982 0.452858
7.49925 18.9492 -26.2744
8.77195 0.328864 0.401844
4.11821 5.58629 -8.72171
4.17448 5.76368 -8.93499
8.76985 0.444907 0.375512
-119.874 -333.839 564.249
8.68252 -4.83865 -2.78677
7.39355 18.6427 -25.8979
-13.6437 -12.2381 1.45857
-3.46982 -0.60229 -6.88518
7.16833 -0.725942 0.386191
7.31689 18.4314 -25.624
-19.2353 -38.8256 80.8774
9.60492 3.69044 -1.13956
-20.4933 -41.435 84.7508
-20.4359 -41.6466 85.3127
9.39509 4.03922 0.376809
-12.4081 -21.8227 53.0712
9.37375 5.08434 0.294495
9.61546 8.99204 -9.30221
7.14372 1.74176 0.10057
7.3663 18.5598 -25.8066
10.0419 6.53399 -9.32781
5.05268 9.59915 -13.0084
-6.52387 -4.4685 -5.71935
9.40555 3.87766 0.39377
-12.2516 -21.8367 53.1624
-12.1522 -21.503 52.5955
-3.15045 0.633111 -8.38507
9.48586 3.19529 0.227111
-12.941 -2.21914 3.75443
-2.40844 4.27754 -7.99667
-3.88965 -2.34598 -4.83252
7.29973 0.968858 0.229566
9.29199 5.53834 -0.419634
9.75332 -3.96261 0.115182
-6.07358 2.6424 -7.41999
5.22824 10.3685 -13.8266
11.1192 39.6491 -48.2927
7.13755 1.9034 0.0147704
9.40402 9.20844 -9.68388
-6.28158 -22.7422 36.6633
9.40559 4.72483 0.411977
9.43748 3.56356 0.399733
9.50667 2.61996 0.0456966
11.6213 51.4711 -63.3855
-17.5936 -34.6746 74.1332
-1.51306 -3.50314 0.25051
9.23028 5.27928 -1.76832
-12.7643 -10.0839 -0.68283
8.1972 6.6663 -4.09863
-4.96413 -7.08966 27.9905
-4.10434 -3.06533 -2.60312
-17.1154 -33.1591 71.5392
-5.41954 -8.13005 29.8035
-27.3788 -58.9648 111.799
-6.54005 -4.55898 -5.71927
-7.5954 -18.3779 45.6923
-12.7365 -10.0151 -0.742108
-2.93386 1.34064 -9.32882
-3.46007 -8.29333 30.5293
-30.84 -70.4828 124.82
-8.41979 -24.2318 46.1516
26.2975 54.9919 -74.6301
-5.92424 -2.5166 -7.92858
8.42341 4.16557 -4.57911
9.41294 24.7242 -33.45
9.40112 24.6937 -33.4224
7.31317 18.4113 -25.619
-12.9406 -10.5147 -0.274144
-5.242 -7.79109 29.194
-12.6008 -9.65089 -0.841752
-5.63872 -13.1064 36.6321
-4.47367 -10.0732 33.6808
8.42966 22.0519 -30.4545
7.17291 1.08582 0.316674
7.15938 1.75741 0.151084
16.6013 43.1224 -55.5518
-5.6051 -7.92974 29.6144
-4.29863 -9.73107 33.089
-8.71693 -20.8054 50.1394
9.63869 3.75873 -1.69489
-7.75353 -14.8048 40.9126
9.45441 3.41798 0.363192
-2.03286 -3.51236 -0.296607
9.01154 21.4091 -29.8379
9.16322 21.882 -30.3147
8.72609 -4.56614 -2.82584
8.82291 20.8317 -29.1882
-5.62885 -3.77507 -5.27246
-7.1556 -5.63671 -4.64707
8.67203 20.3796 -28.6715
-72.0025 -78.1378 87.244
-23.7801 -45.8533 94.7685
11.4721 29.0501 -38.3338
-25.8472 -50.3224 102.206
9.46998 22.761 -31.7279
9.35947 5.05706 0.345005
7.96079 18.7904 -26.6437
8.87032 20.9793 -29.3224
8.60317 20.1811 -28.4206
-6.06577 -4.03153 -6.13274
9.3417 3.39845 -0.203195
-6.60036 -4.02972 -6.43845
9.40868 2.32256 0.231997
-7.89587 -7.90897 -2.18552
9.27485 5.61428 -1.96339
10.4618 10.5876 -11.7202
9.26235 22.1474 -31.0362
9.36648 2.92728 0.0488562
10.9301 27.2956 -36.5466
-1.48496 -3.41386 0.266839
9.27468 5.35161 -1.7311
-5.98283 -3.24625 -6.13498
8.26923 6.39443 -4.93182
-2.99425 -6.23032 24.8643
-6.93849 -5.07236 -5.49853
-12.5171 -31.4558 59.1063
8.26543 19.5713 -27.4637
9.59943 23.1594 -32.2009
8.7661 20.665 -28.9684
-6.07424 -3.53142 -5.84973
12.0879 31.0822 -40.3713
9.47175 3.98322 0.122513
-2.34582 1.94405 0.290725
1.45585 2.10304 1.77217
-2.33289 1.93191 0.286651
-0.694303 -6.54184 6.83836
-1.81173 -3.91611 0.0607994
9.02569 -0.874479 -0.739426
8.98565 1.14411 -2.30558
-0.81288 -6.44207 7.02102
0.34419 -3.85752 9.03513
-0.830465 -6.46601 7.00114
0.471104 -4.4776 8.19117
-1.18779 -5.60317 8.23053
-0.878067 -6.33123 7.18914
-0.239641 -5.13356 8.73358
-0.680638 -4.05946 10.3065
5.42022 -2.04115 -8.00841
-7.57037 -8.77625 -0.59181
-0.897462 -3.52972 11.081
8.423 1.43918 0.290138
5.17994 -10.7649 0.801615
4.01064 1.36073 -5.32892
-3.99862 -3.40141 12.2904
9.46123 1.54557 -1.87438
3.80778 1.49241 -5.51012
-4.02467 -3.58012 12.0699
-3.95386 -3.54911 12.0822
10.7623 2.11388 2.17751
-4.66109 -2.40695 13.8371
9.30256 4.57651 0.769637
10.1483 4.34937 3.75544
9.61716 0.655422 0.80023
-1.52195 -4.90827 9.24339
9.67795 -0.303518 -0.0445574
-1.92418 -3.92911 10.6298
-6.61117 -8.1731 -1.74153
10.7586 1.91239 1.98691
-4.55052 -2.39893 13.8024
-4.59145 -2.37553 13.8492
-9.16688 -9.21193 -1.00627
9.40533 2.5743 -0.9739
3.87385 7.52613 -0.374292
-6.22102 -7.04838 1.89003
-8.38186 -9.29303 0.639695
10.7572 3.5677 3.52283
9.09748 -3.81765 -0.178805
9.64142 0.219932 0.415662
5.75397 2.49191 -4.66731
-2.1452 -3.4318 11.3418
4.52405 -7.61315 2.8332
9.61193 0.780402 0.911515
9.85912 4.34727 3.49063
7.68147 1.33195 -0.121713
9.37059 -5.2262 -1.73789
9.32555 4.17776 0.424476
10.7603 1.50312 1.60458
9.43718 1.96505 -1.50711
5.24639 -9.92863 0.460278
11.2209 -0.578189 -1.47533
-4.13667 -3.20239 12.6022
9.88385 -2.57413 -2.45083
-1.23474 -3.48078 0.182591
10.751 3.37346 3.33944
1.76085 -0.22271 -10.0586
9.65946 0.0715763 0.29159
5.21665 -1.95137 -8.42742
9.44307 2.27887 1.27799
-4.27898 -1.19538 15.1773
-4.04014 -4.89181 -0.440148
-8.004 -8.90546 -2.40715
-4.25672 -3.14741 12.7208
-4.24875 -1.30922 15.0234
10.4588 4.37221 4.03481
-2.55253 -3.93913 11.1705
-6.57055 -8.25284 -1.85232
-1.33986 -2.45763 12.6484
5.21156 -1.9434 -8.43495
-7.98258 -8.84517 -2.10258
-8.02605 -8.8793 -2.39716
-2.50903 -0.754013 15.3666
-2.03211 -5.03192 9.51971
9.59148 1.30485 1.3776
10.9237 -2.26105 -2.96157
5.64711 2.21709 -4.07254
-8.02116 -8.87113 -2.34702
9.56591 -0.665282 -1.25065
10.8059 1.97841 2.07785
10.8129 2.00688 2.10881
-9.85376 -1.31729 8.47055
-1.66005 -4.60132 9.68517
5.25479 -1.9807 -8.35368
-4.22848 -1.28388 15.0438
-1.46091 -2.15277 13.0913
0.255939 1.78591 10.4721
4.99056 -9.66642 -0.305651
10.764 3.74511 3.691
9.6564 0.259223 0.463895
7.24857 2.29152 -0.492529
6.45936 -5.90504 -0.451558
6.41695 -5.88508 -0.444525
4.31818 -9.9363 -0.36393
-4.53263 -1.19311 15.3075
-2.40544 -2.90096 12.115
9.48755 1.15466 -2.21614
-4.89831 -1.97362 14.4903
9.38545 2.96417 -0.633232
-0.0223585 -3.561 9.5563
-5.37857 -16.5702 25.2579
8.85911 1.89135 1.74061
8.84308 1.42161 0.537157
8.16023 5.83345 -1.88299
8.17172 6.86965 -2.5781
8.77481 3.88993 0.855018
9.31508 4.42049 -0.413441
8.51158 7.28683 -2.25994
8.16567 6.18724 -2.5085
8.87297 4.49329 0.910615
8.88325 4.86853 0.594959
8.4335 7.44328 -2.53576
8.82742 4.58553 0.741777
8.18022 7.25107 -2.86241
8.77055 4.52834 0.360803
8.93746 8.05718 -4.85563
7.34809 5.50437 -1.76875
8.76567 4.42706 0.527593
9.84714 6.33621 -5.4445
3.02369 1.17096 5.16315
0.974879 1.82623 1.75986
2.37008 5.69751 -2.53957
0.632643 4.88284 -1.8134
8.9358 0.412131 0.0833181
8.89363 0.72647 -0.0316267
8.84785 0.712735 0.139331
8.85965 1.64064 -0.0518462
8.87688 1.60742 -0.00918845
4.57715 5.74919 -12.1359
3.94266 8.77571 -14.7911
5.5172 9.24309 -16.0287
9.42125 4.47255 -0.107548
4.39256 8.24021 -13.5993
9.31091 5.20276 -8.581
7.79754 7.35887 -3.79367
9.51467 3.58588 -1.8641
8.59331 3.92731 -1.22949
7.67557 4.76107 -3.07644
9.30952 5.61813 -0.1306
8.42153 2.22789 -0.236769
7.19491 6.04536 -7.86855
8.91521 1.63479 0.192315
-7.41281 -5.02926 -4.84051
8.31544 6.37168 -3.54849
4.49225 9.48235 -11.0424
-5.93465 -19.8589 57.7327
-6.80574 -18.2786 50.1832
3.81182 9.02419 -15.213
-6.76113 -17.9661 49.6651
9.36003 5.12912 -0.0217976
9.51068 3.68512 -1.06934
-8.38478 -20.5563 59.6548
9.3408 5.31071 -0.051517
8.67812 8.10323 -8.43498
8.01036 6.68889 -4.16797
-9.56589 -22.317 58.8461
9.45685 4.21722 -0.209175
3.10208 4.09696 -5.42832
8.61704 3.7706 -1.11186
-5.38624 2.24486 4.11207
8.82728 7.97591 -9.21585
-4.30974 -1.10933 -7.04498
7.74864 4.83182 -3.99097
8.6119 3.87398 -1.17219
9.37961 1.67168 -0.118617
9.33493 4.40323 -0.0861384
1.53427 2.00817 -2.18514
-2.80268 2.91094 -1.3308
-12.3906 -5.02671 -5.57424
9.44234 1.17465 -0.148309
9.39088 6.679 -10.8944
8.80141 0.497535 0.347566
8.79134 0.538537 0.348957
8.78847 1.50693 0.311004
-6.39894 -4.60335 -4.57775
8.80301 1.47121 0.363626
5.41122 10.0785 -16.782
5.55696 10.1197 -16.6384
9.3277 4.68197 -0.355713
7.95904 6.97827 -4.58171
8.82536 4.84507 0.33576
-8.90426 -14.1845 43.7849
9.23906 4.85548 0.268148
-5.07739 3.87644 3.10053
7.66258 4.5713 3.33593
7.11884 5.2717 0.26364
5.32217 10.2541 -17.1497
7.10567 5.31414 0.212587
9.23427 3.98566 0.272146
9.3745 4.66449 -2.7721
8.23981 6.53651 -1.81088
9.2552 4.52099 0.406329
-17.5082 -28.642 81.2959
9.32522 3.50729 0.0533689
8.839 4.76882 0.323915
-4.3861 3.65842 1.65031
7.95081 6.15289 -5.33232
5.50809 9.37175 -16.4054
8.84018 4.80585 0.380744
9.32513 1.47089 0.22616
9.21086 3.22729 -0.139264
7.98426 6.26927 -3.19681
4.91399 9.7683 -11.3978
9.35913 1.21027 -0.180908
5.49267 9.40762 -16.4972
6.16269 3.30082 0.0353889
-1.60397 -5.01444 16.8046
1.49393 -1.61697 10.3234
-0.85401 -0.675719 10.3497
1.47285 -3.37106 10.9619
-0.653603 1.60613 5.68819
1.5723 -1.72217 8.73764
1.77262 5.5741 -2.75764
-0.68421 0.657352 4.32969
1.6607 2.78842 1.68249
-2.40345 -8.81549 16.6806
1.80046 6.14783 -2.57621
-0.188507 4.88868 0.0276411
-0.510211 2.88968 2.72409
-4.26418 -16.1048 24.8457
-0.787727 -1.41985 6.7805
-2.8184 -7.85551 12.9627
-0.618072 1.45741 3.36811
1.49456 -2.83296 9.56897
8.8374 -0.54565 0.535861
8.85126 3.422 0.45627
8.86691 2.7466 0.448242
8.81611 0.0310503 0.657254
6.71585 9.74533 -12.9859
8.93641 3.03752 0.895418
8.75328 -0.895337 0.534904
8.76119 0.263152 0.505065
8.23508 19.6112 -27.3166
8.80056 3.65687 0.351575
8.7759 2.58501 0.370765
8.61566 2.49233 0.420484
9.37473 23.4395 -31.9481
8.78784 2.63842 0.38768
-9.65911 -8.39273 -2.61758
8.61692 1.31157 0.309112
11.1273 8.73088 -11.2833
-6.38362 -4.592 -4.64978
9.3991 23.5212 -32.043
-7.33177 -4.72421 -5.89858
-14.5025 -13.0137 0.804311
9.43474 -1.33077 0.29894
9.17345 3.71406 -2.18994
-7.96713 -7.97769 -2.0719
10.0495 7.19758 -10.8109
1.33829 5.56311 24.1856
5.77427 10.8415 -14.1441
-2.09343 -11.0453 17.483
8.09846 7.80215 -7.37288
8.58435 21.0071 -29.4009
7.22737 17.5114 -24.8175
9.721 23.868 -33.4459
-12.9447 -12.0126 2.80291
8.81771 1.36132 0.598194
-14.593 -12.4227 1.42737
9.78294 9.65113 -10.6853
8.68278 11.8851 -17.5506
-0.349994 7.09499 -11.7644
6.55999 2.74848 0.643998
5.68132 11.5217 -14.5744
12.3303 -12.7722 17.0064
-6.80324 -3.36582 -7.34626
9.29065 0.696132 0.132106
8.31732 7.15979 -2.49021
11.1154 9.76476 -11.2381
9.51561 9.92801 -11.1751
7.60125 4.74828 2.69184
9.59504 9.83678 -11.021
-1.50516 -3.53845 0.119889
7.12265 17.3279 -24.5016
5.68336 11.5123 -14.5642
8.84939 21.7808 -30.3041
8.63212 21.144 -29.5629
0.407585 -5.15718 -9.18376
-1.45184 4.64963 -9.68127
8.73328 21.4539 -29.9666
-14.4744 -12.1542 1.3129
14.4392 31.6764 -44.3026
8.60633 21.07 -29.48
10.4761 5.28065 -6.91972
10.233 7.35792 -8.28529
7.45675 18.2223 -25.7417
-0.772233 6.16347 -10.967
10.4757 4.45103 -6.3395
-14.149 -11.4641 0.769043
-14.4641 -12.0193 0.959927
10.3437 9.07036 -13.5012
6.17521 3.31389 -0.0375709
4.18931 5.5339 -0.0500551
8.85197 -0.490156 0.505758
8.93692 3.66262 0.148991
8.8332 0.0994346 0.653285
6.42404 9.56649 -12.3758
6.25295 14.5408 -20.7737
5.47139 11.1928 -14.4854
8.77279 -0.821444 0.489769
8.78248 0.33727 0.437361
7.31138 4.02632 0.180888
-12.7892 -2.58036 3.38915
8.77139 0.420004 0.38333
8.8311 3.73972 0.225731
4.04347 8.437 -14.8857
7.09578 18.4754 -25.7335
9.54454 0.874192 -0.325198
8.65866 2.61443 0.260636
4.72122 8.33091 -12.3138
7.1073 18.5125 -25.776
-5.82128 -4.05942 -5.64972
8.37226 0.978339 0.274219
8.68011 -4.84832 -2.79932
7.1482 18.6377 -25.935
-6.06046 -4.20453 -4.90238
4.75886 8.44093 -12.4586
-3.09779 0.853805 -8.64806
-6.50888 -4.42608 -5.78307
10.8437 34.313 -41.8522
7.17178 1.06676 0.318958
9.42914 4.41555 0.431928
-9.24274 -4.68054 -6.82153
-3.85163 -2.1981 -5.03901
7.17053 -0.735205 0.404898
7.16167 1.08606 0.273259
6.27339 -2.69196 0.463918
-13.7991 -42.3688 74.9203
7.14025 1.86995 0.0317095
7.19873 -0.924413 0.552369
8.05975 7.81701 -4.6503
9.59059 3.8769 -1.82721
-2.51723 -5.87521 22.5333
-20.6178 -43.9187 89.5922
9.18478 5.82578 -2.33056
-11.8763 -0.973034 2.11433
7.68457 6.28423 -8.55546
7.34213 19.2653 -26.6885
-13.0802 -10.8856 0.0370053
9.16041 -2.24843 -4.97224
9.52988 9.1777 -9.60249
-11.741 -0.87555 1.98601
-6.3802 2.20954 5.49708
-2.7713 -6.9549 27.6671
-10.9659 -20.386 50.5086
-2.32001 6.17814 -10.8597
7.09547 2.62842 -1.11584
10.4969 39.1211 -47.8309
-5.8882 -2.40481 -8.07181
9.50037 6.78966 -11.3185
-5.90641 -2.37123 -7.94423
-5.89307 -2.43846 -8.06517
-8.67521 -18.9861 47.9473
9.36481 5.22472 0.246009
9.52935 2.97934 -0.16696
4.56976 10.4307 -12.8275
-3.66861 -4.6062 22.9505
7.15391 1.74224 0.132952
9.21245 5.29359 -1.85594
9.23647 9.47816 -10.1265
5.46112 12.6488 -16.3079
9.32384 9.37994 -9.96281
-6.08312 -23.3178 37.8815
-1.51109 -3.48081 0.232798
7.10682 2.5951 -1.06694
-11.3009 -20.7766 51.177
9.42822 3.67709 0.446456
-2.32252 6.15917 -10.8424
7.1782 0.224232 0.334969
5.56503 12.0915 -16.3313
-2.92818 -7.1507 24.6066
4.0965 11.553 -17.3128
-6.58299 0.693232 6.19143
9.47397 6.84351 -11.3766
6.76214 19.0398 -26.3839
-12.9922 -10.6566 -0.0472543
9.15495 7.56176 -9.20419
-2.383 -5.62298 21.9926
9.4994 3.10441 0.137536
9.39384 4.86143 0.392013
-16.721 -34.1876 73.5624
8.61354 4.3377 -5.38396
-6.52064 1.52016 5.91081
-12.0143 -4.64324 -5.77145
9.56907 3.72748 -0.924228
-12.7611 -10.079 -0.489875
-12.8835 -10.3993 -0.394771
8.11294 5.21048 -7.1581
-4.30377 0.846406 -6.55698
8.95204 3.7309 0.193802
8.81584 0.0968139 0.889785
-2.01861 -3.42506 -0.422798
9.00371 22.466 -31.196
9.23472 23.2189 -31.9645
8.90406 22.1351 -30.8085
-5.61421 -3.74075 -5.33788
9.26014 23.3065 -32.067
-6.56879 -3.95518 -6.54714
-6.03967 -3.96125 -6.22323
9.34529 23.4824 -32.7098
-6.9608 -6.84615 -2.97904
10.4655 8.60739 -12.1258
8.17862 7.84067 -6.00981
9.58409 4.30975 -2.52415
-25.3484 -51.3731 104.316
9.24236 5.92928 -2.36811
1.13629 3.5264 -10.8906
-6.06208 -3.50773 -5.90223
10.5179 10.5888 -11.6829
-6.08813 2.40999 5.02063
-5.3145 -1.87249 -8.59668
9.28456 6.47771 -10.8449
-6.12587 -2.7084 -7.90457
9.3531 5.19751 0.294793
10.7704 28.1556 -37.6289
7.18433 2.14482 0.64487
9.25872 5.37042 -1.82716
10.2654 10.8764 -12.2047
10.3404 10.7853 -12.0456
-1.48306 -3.39181 0.249007
9.60225 24.3024 -33.6071
6.81087 14.8096 -20.5495
-6.25341 0.981691 5.60308
9.26039 6.53835 -10.9129
10.1167 10.4375 -12.2709
-2.60031 -4.87484 22.2226
-12.5856 -10.2843 -0.365628
10.2186 9.6568 -11.9403
10.3579 26.7712 -36.2083
9.06795 22.6203 -31.7558
-6.2246 1.74477 5.41007
11.0105 28.9706 -38.4543
-5.96639 -3.19923 -6.18891
8.2985 5.95308 -8.09713
-2.36933 1.96774 0.300668
-1.68464 -4.69517 9.22846
-0.544521 -6.51107 6.5663
9.29153 4.19178 -3.38387
-1.83525 -3.93139 0.0344411
0.484211 -3.83269 8.81888
8.95596 1.15615 -2.31449
-0.666499 -6.39798 6.76862
-0.70427 -6.33736 6.86162
-1.78222 -3.76432 10.5006
7.62286 -2.18402 1.12958
0.283408 -3.5536 9.2573
8.37176 2.21527 1.02053
8.49567 1.48313 0.349001
3.89689 1.35184 -5.33907
0.276166 -3.45394 9.38606
2.76201 -3.75512 -6.49212
-10.101 5.24447 9.45406
0.374708 -3.7307 8.99471
5.26373 -2.14234 -8.06206
0.652319 -4.51004 7.89191
5.09384 -10.8661 0.977991
-10.1723 5.34276 9.53823
-9.15617 -9.28425 -1.01937
-6.62873 -8.23332 -1.73082
9.14392 -1.72824 -2.64021
7.29468 1.81753 -0.921767
9.33753 3.77488 0.0710836
-6.07941 -8.19919 -0.4279
9.65662 3.53904 -4.47566
9.66814 3.56781 -4.4582
7.28407 1.80411 -0.938112
9.55361 -0.986842 -1.4834
7.21709 2.3342 -0.468574
4.99017 -9.88755 0.176462
9.48053 3.60861 2.58957
9.45235 1.19564 -2.19856
11.1848 -0.559661 -1.53133
-2.20656 -2.76774 11.906
-3.7907 -3.52517 11.8441
10.7911 3.70936 3.73847
-6.26398 -7.03842 1.92207
7.39868 -0.0877486 -4.27175
0.67697 -4.37922 8.04691
5.09325 -2.08596 -8.4083
8.366 -6.5028 -0.452345
10.1646 4.41577 3.88825
-6.22043 -7.05969 1.94306
-12.0492 -2.2894 12.7718
-3.40402 -1.25614 14.3812
-4.2662 -2.38982 13.4848
-10.1183 -0.998555 8.86274
9.59512 1.30489 1.46404
10.7749 -0.612718 -1.52035
-8.03712 -8.95547 -2.36094
7.206 -1.51941 -3.08263
5.30436 -10.1353 1.06549
-8.10576 -8.8086 -2.08891
-8.01908 -8.98317 -2.39353
-4.31593 -2.34989 13.5576
9.30386 4.73035 0.909584
10.7733 0.272849 0.493636
-4.11377 -1.23449 14.8179
7.23671 2.26099 -0.529473
10.7873 3.326 3.37964
9.82648 4.36175 3.57371
9.87756 4.40476 3.63876
-1.24436 -3.47362 0.192575
9.60786 1.30246 1.47203
-4.37564 -2.40147 13.5201
10.7791 1.67972 1.83155
-10.1033 -1.01366 8.86087
-13.5929 -1.98457 11.0426
9.67074 -0.252278 0.0682942
-1.7812 -3.53574 10.7624
-2.12334 -2.92168 11.6781
-10.8364 -3.86151 10.5478
-7.91378 -9.12199 -2.50394
7.16898 -1.50361 -3.08729
9.40797 3.19687 2.15031
5.15449 -2.04755 -8.35377
9.4534 1.77198 0.932324
-2.16361 -2.80304 11.8387
10.7728 0.684326 0.885256
9.31982 4.34363 0.57131
-3.98915 -3.13602 12.4229
-9.8865 -2.53939 11.1761
9.43191 1.77334 -1.68692
5.05547 -2.0399 -8.46745
9.16153 -1.91961 -2.59172
-2.95817 -3.24519 11.9396
8.78654 4.85384 0.00455676
8.43482 7.48501 -2.57627
8.14278 6.97058 -2.69116
8.78979 4.62557 0.220919
6.6589 11.6774 -11.8699
8.24114 7.58105 -2.73179
8.79675 4.7801 0.0886309
8.13801 6.27999 -2.60807
8.61376 2.70118 -0.727963
8.59431 2.72753 -0.775144
6.79965 58.128 -94.6956
8.27727 70.672 -130.748
8.77247 4.12468 -0.798368
8.7136 1.75375 -0.457208
15.3618 -2.59309 1.94351
8.79845 2.68125 -0.179624
20.0185 -8.21937 9.93866
8.58958 71.4728 -132.531
8.54637 71.563 -132.627
9.75799 93.8409 -173.529
9.26274 4.96974 -0.319446
8.78156 1.87584 -0.242678
3.33127 18.1697 -25.2596
8.66596 1.99156 -0.543374
19.7999 -7.78676 9.59371
9.62432 82.4398 -152.675
8.70671 1.95145 -0.436545
15.0502 -3.12232 1.66015
15.1961 -3.36207 1.90028
16.7499 -3.38108 1.58534
38.0362 226.069 -436.412
-2.95833 1.87462 -0.885108
14.8786 -2.9778 1.02811
14.2473 -3.29483 2.531
35.5652 216.751 -405.77
9.17698 4.57942 -0.980246
0.9254 -11.1253 23.9354
35.9874 218.141 -420.386
9.0418 52.9561 -95.5822
-6.69678 -4.28917 -5.49368
0.90927 -10.9743 23.7338
13.9465 -2.83794 1.97437
10.2488 60.0006 -109.671
13.8444 -2.66499 1.79031
8.73145 4.76027 -2.39894
-4.29925 2.83582 2.09178
14.0394 -2.957 2.15228
-3.09021 2.18929 -0.118234
-2.09985 -3.69731 -0.359931
8.69691 0.774143 -0.0269331
18.0346 -3.27692 3.12112
8.12356 6.47947 -6.08165
8.46846 5.16505 -2.90355
-1.51862 -3.52093 0.0316479
8.07819 6.52958 -6.15351
15.5841 -3.25265 2.96227
23.6681 -15.5317 21.7502
8.74971 4.89337 -0.39285
6.9463 3.8147 -2.63542
9.10171 3.47253 -0.731038
9.32414 4.51858 0.154051
9.32684 4.51523 0.16757
16.5919 -3.62265 2.10851
8.80418 4.85628 0.151401
9.48638 4.50142 0.259562
8.69283 5.05835 -0.291206
8.67318 5.03383 -0.669977
19.6314 -6.53578 9.02748
8.72446 5.00161 -0.163206
15.3483 -4.05951 3.127
15.4645 -4.25326 3.32718
17.1956 -4.50694 3.31392
-7.25275 -4.50833 -6.34204
9.84552 35.3899 -66.8752
4.1542 11.571 -15.4738
15.0902 -3.70018 2.09312
8.53346 31.3059 -56.6385
9.21854 3.00577 -0.0233535
17.3443 -5.92951 7.0406
-8.20977 -4.67015 -6.74851
5.37187 -3.36502 -0.824703
6.94469 5.32609 -2.47491
-6.68544 -4.20062 -5.48358
4.09717 11.7883 -15.363
9.00375 4.06076 -1.4541
4.16096 11.2476 -15.4955
17.4273 -6.03785 7.33759
17.2977 -5.84599 7.00975
-2.09486 -3.67788 -0.386383
4.95105 26.4916 -34.9692
8.62205 -4.94117 -2.74266
-1.49697 -3.48371 -0.0377673
18.1616 -9.52398 10.2528
6.15074 -3.64297 0.222236
10.6832 -4.79815 0.91666
17.2657 -5.60887 4.59096
6.49324 3.41391 -1.35744
15.2304 -1.20654 0.697484
15.5614 -4.85469 4.01743
15.8247 -5.46598 4.71625
18.176 -7.32847 6.70041
-7.18039 -4.41439 -6.42119
15.4815 -4.9997 3.74083
14.0403 -4.58194 4.31225
14.8955 -5.92298 6.10004
-6.68076 -4.38049 -6.14885
18.9211 -7.77133 9.83616
19.7083 -15.0647 18.3333
-6.29186 -2.05238 -8.71314
5.4334 -3.02745 -1.12319
14.4341 -4.85148 4.76309
14.2666 -4.43077 4.26544
14.553 -5.08766 5.09184
-6.84978 56.2356 -79.2336
19.208 -13.8043 16.8018
6.14236 3.48306 -0.292792
6.1381 1.44155 -0.048311
1.91095 4.98398 -4.395
8.77589 0.380235 0.393271
-2.06573 -3.58234 -0.324869
5.39443 24.4464 -33.1329
8.68786 0.677539 0.0302038
5.39609 24.4376 -33.1207
8.08188 5.46702 -4.76647
8.66232 0.833904 -0.111381
8.597 -4.59389 -3.0818
0.874818 -4.18536 -0.979011
3.96571 28.3824 -36.711
8.62954 -4.70766 -2.9629
9.40133 47.8751 -71.8494
7.15067 0.293759 0.225848
7.22861 34.2758 -53.148
9.19187 8.35852 -9.49924
5.43472 24.7605 -33.4492
-8.97184 -4.04022 -7.58719
-4.10881 -2.42171 -3.45665
-1.52522 -3.50504 0.167247
9.5799 48.3793 -72.7249
17.8079 -8.17658 8.58347
-3.93044 -2.1384 -3.70255
16.0639 -4.75675 4.98707
6.14613 -3.76922 0.498128
5.4394 24.794 -33.4822
20.9316 -11.8288 14.8254
7.15088 1.25838 0.166475
19.9932 -8.37021 9.38438
10.3957 -3.79735 -0.24224
9.28244 4.65356 -0.0113634
10.676 -4.51717 0.643001
10.4025 -3.83687 -0.218502
9.31046 47.0907 -71.3645
17.1248 -5.07665 4.01517
7.57663 36.2682 -56.3523
4.1324 10.9254 -14.0587
7.69014 36.4808 -56.7313
7.33182 -3.91259 -0.0587275
9.59779 48.1104 -72.8213
0.887681 12.2429 -17.8263
13.6398 70.4642 -108.541
7.99268 38.3581 -59.6624
19.9484 -9.46246 11.782
5.95915 27.2639 -40.6586
7.6549 36.4043 -56.598
11.1028 5.33094 -13.7596
-1.82219 4.46862 -11.0738
9.01444 4.63174 -2.03136
-3.3099 1.99841 1.16705
9.49437 47.7431 -72.3007
15.4117 -4.17163 3.25258
15.6296 -4.63888 3.76688
17.9014 -6.43868 5.66416
-6.91267 -4.01291 -6.69325
9.36634 38.9578 -61.0751
-7.24482 -1.67589 9.80059
12.1267 -2.09041 1.43708
15.332 -4.30787 2.9874
13.9268 -3.86457 3.5031
14.8876 -5.78919 5.99078
-6.32889 -3.83367 -6.51899
19.2625 -8.03006 10.0857
11.2701 47.1371 -74.5934
15.4454 -4.34287 3.19778
-3.11932 3.46103 -0.142891
9.39064 3.53876 0.54139
4.5878 -6.80661 3.47133
17.7695 -7.63518 8.84743
-6.30009 -2.02406 -8.65169
-1.36528 2.73032 6.18347
5.31956 -3.7106 -0.272046
0.663062 11.6215 -17.2759
7.593 -3.76799 -0.0350249
3.6045 9.68628 -14.7274
9.35115 39.1661 -61.4308
12.8908 54.4587 -86.0383
7.80718 32.4835 -49.9156
8.55138 7.35666 -5.18881
11.2188 47.339 -74.8556
14.4707 -4.90038 4.90081
7.69543 -4.1822 0.43659
7.97101 33.141 -51.0665
8.16234 -4.12992 -2.76894
1.35 -6.03259 -0.63791
9.62802 -4.7027 -3.26287
14.3202 -4.55094 4.49974
1.34824 -7.1909 0.297247
6.39829 27.8995 -41.2812
-6.68973 -1.25818 8.20569
-7.07273 -1.24659 9.0165
5.61162 25.3081 -34.4518
14.5822 -5.10209 5.18229
8.6607 6.58227 -5.85625
-7.12216 -1.35219 9.22761
17.7955 -5.714 5.25715
17.59 -7.16244 8.36504
17.5437 -7.13452 8.28684
6.14493 1.38114 0.186461
-2.03897 -3.49654 -0.356439
6.17228 24.937 -34.4142
6.17553 24.934 -34.4086
4.61388 27.2847 -36.2048
8.64003 -4.26164 -3.18287
6.49796 26.9903 -36.5157
10.4172 -4.39581 -4.16091
-3.77217 -1.86889 -4.01708
-1.49117 -3.38553 0.147131
19.7852 -13.2596 15.8283
16.3743 -5.20019 6.15741
8.0379 11.938 -17.1412
23.7257 -17.8746 23.777
7.23143 31.5164 -48.597
19.3051 -5.66041 6.76844
5.98361 24.1135 -33.8133
17.8093 -6.53492 6.42746
-1.23166 8.50557 -14.773
7.34695 -3.77803 0.0350571
23.4105 -17.2484 23.2266
6.06833 24.5905 -34.2783
15.935 -5.5478 5.49733
16.1967 -6.15112 6.19749
18.9431 -8.74988 9.21308
-6.27747 -3.16928 -7.48699
15.6874 -5.20177 4.55791
13.4409 0.740865 -1.95919
-5.70871 -2.97206 -7.32137
22.0023 -14.1839 19.3005
15.9457 -5.62943 5.30441
9.74506 -4.86853 -1.54182
9.37266 3.57133 0.627544
18.9514 -10.2656 13.0665
-5.56746 -1.1067 -9.532
5.16085 -4.60856 1.04463
12.4202 47.1192 -74.4613
-5.92309 -3.1348 -6.41559
9.61266 -3.80081 -3.94274
13.0552 1.53218 -2.8639
5.92361 23.7941 -33.4996
13.2605 1.10447 -2.31439
6.85621 29.062 -38.3397
18.8924 -7.41634 8.58272
-3.17164 -3.51954 -0.367907
18.7728 -9.77311 12.5567
18.6694 -9.61441 12.2962
0.434797 -6.04139 4.39826
-1.82312 -3.99078 0.0882716
1.49058 -3.40663 6.98567
0.352966 -5.99831 4.51163
1.47374 -3.41224 6.9927
-0.173914 -3.7082 7.18782
0.325464 -5.92731 4.60556
7.6966 -5.14075 -1.40725
0.332629 -5.60296 4.91747
0.111253 -4.68006 6.00605
-4.19119 -5.12003 -0.392585
-1.27323 -3.56058 0.125075
0.248484 -5.58333 5.01086
13.8245 -1.07184 -0.104078
-4.18833 -5.11079 -0.375401
13.4993 -0.747145 -0.251105
9.16779 -2.20978 -2.17426
14.6268 -0.103306 -0.00648298
-0.188105 -3.28764 7.58968
15.4839 -0.542434 -0.421138
9.57061 -3.87067 -0.200415
9.57058 -3.88894 -0.221856
14.3287 -1.48219 -0.39305
2.20998 0.0140663 -0.338871
-0.383558 -2.92721 8.11041
6.88798 -3.97556 -0.150806
-0.272583 -3.2758 7.68276
14.6037 -0.0416679 0.0772209
-0.353298 -2.92086 8.08649
13.2653 -1.39078 -0.263155
13.2976 -1.43556 -0.32411
11.1521 -1.05422 -0.0269057
14.6871 -1.56264 -0.337951
-8.95501 -9.87516 -1.08221
11.1308 -1.07445 -0.0460191
13.2147 -1.67001 -0.391785
12.9017 -0.975404 -0.348214
-6.7007 -8.76756 -1.70937
14.5908 0.0661402 0.20847
13.2781 -1.54231 -0.266389
12.931 -1.39126 -0.171304
13.8553 -0.58152 -0.191499
-0.395978 -3.50322 7.58982
-8.20827 -9.4258 -2.09954
-8.02317 -9.64344 -2.2956
12.8165 -0.956873 -0.311849
12.7907 -0.928076 -0.276012
5.08575 -3.95822 -0.155014
13.1212 -1.41439 -0.246993
12.848 -0.935742 -0.294676
14.5974 -1.10476 -0.0663223
13.8641 -0.498449 -0.101416
13.8425 -0.529362 -0.127869
9.54157 -3.78541 9.86525
8.82859 5.203 0.189862
8.77303 5.32165 0.0160291
8.85698 4.03066 0.751431
8.90349 4.26554 1.27206
8.82766 4.38549 1.07471
8.72825 1.58295 0.283877
8.76357 4.0631 0.72165
8.84856 4.3582 1.12321
7.95515 5.38421 0.258187
7.88748 5.40703 -1.29752
7.78754 7.49349 -3.33408
7.78981 7.3809 -3.22371
1.89695 1.65555 -1.05365
1.9585 -2.49338 6.38741
3.11599 -3.43259 6.01651
5.95775 -9.23197 15.4746
1.26468 6.83328 -8.05506
3.4296 -5.16883 5.48553
2.23114 -9.3884 14.559
0.805917 -0.293689 0.0376556
0.413159 -3.22072 6.09973
0.614123 -7.25589 10.3598
5.22635 -3.22167 6.11133
-2.25027 3.80219 1.10741
-2.09105 -3.60867 -0.513138
2.75298 3.09866 2.45885
14.7847 -2.01799 0.938212
8.29694 2.11863 -1.14627
14.6833 -1.79835 0.807197
14.6659 -2.50364 0.691991
15.0007 -3.09451 1.53103
14.6137 -1.70257 0.701856
8.53172 1.31338 -0.836416
14.1154 -2.02813 -0.237758
15.9788 -2.74617 0.814226
8.67132 3.95457 -0.477702
14.1596 -2.11295 -0.0824035
14.0641 -1.9235 -0.376038
8.42325 2.352 -1.15735
15.3751 -1.77122 -0.558161
7.94768 6.6975 -4.00034
5.17087 9.54793 -11.3243
8.95206 5.63638 -1.02435
-1.1417 24.4025 -39.2742
8.66185 4.93206 -0.457228
9.9561 2.84457 1.86191
16.421 -0.96301 0.0988708
13.9871 -1.44251 -0.384098
14.0687 -1.74378 0.0309542
13.8524 -1.47006 -0.631237
15.1766 -1.63799 -0.380917
13.9244 -1.61858 -0.432502
13.7864 -1.32515 -0.803065
12.8228 -1.16869 -0.0401736
16.4039 -0.728374 0.655645
-23.3948 254.48 -348.429
7.94839 -45.6223 67.097
2.72969 -4.02374 8.43857
4.66419 1.61416 1.11574
6.29314 -24.6661 35.9501
4.57036 0.95921 0.659251
5.50202 1.69473 0.989506
-0.678821 -4.57226 0.590863
-2.16192 4.95742 -1.01774
-4.1255 -2.88509 -1.76714
3.81046 6.89953 -6.73547
-2.11891 -4.48786 0.633511
-1.54189 -4.23147 0.9447
16.8426 -1.41722 0.838666
11.2881 -2.07955 -0.844243
13.907 -0.660378 -0.361324
-13.6005 -8.28143 -2.94847
13.8109 -0.445809 -0.54266
14.0706 -1.52591 -0.140664
14.4435 -2.24921 0.762007
-6.6383 -6.68447 -2.91091
10.6698 -2.40508 -5.05241
-4.26751 -4.07468 -1.61097
-0.729353 18.5512 -24.9538
14.1466 -1.85708 -0.0361621
15.2758 -1.73814 -0.138121
-0.726397 18.644 -25.0061
14.243 -2.04093 0.203481
14.0545 -1.67364 -0.252373
-5.23667 -3.47966 -1.65149
-0.732673 18.4794 -24.9133
15.9321 -2.29315 0.442131
10.1512 3.3514 2.38794
8.91157 5.66939 -1.26887
12.4956 -0.66226 -0.545864
16.8795 -1.24098 1.49666
9.23109 4.93747 -0.318901
-2.09915 -4.04642 0.223022
-1.52648 -3.87275 0.668491
3.84516 -3.49112 -0.45028
14.5 -1.21741 0.675838
14.3654 -0.922769 0.465281
13.8264 -0.925094 -0.522051
14.099 -1.5009 0.222981
14.3873 -0.967296 0.524205
13.991 -1.38897 -0.268097
15.2451 -1.42062 -0.116256
14.0712 -1.55156 -0.0483273
-4.91473 -3.01707 -2.20697
13.93 -1.25304 -0.432307
-5.20805 -3.66042 -1.55668
14.7487 -0.467962 -1.33844
-0.309535 18.1074 -24.8376
9.45966 5.06596 0.404459
6.00392 12.2707 -15.1982
9.55667 4.71637 0.734454
-0.328383 17.6861 -24.5892
1.30537 -5.36347 -0.200178
-1.27457 -3.64015 0.16292
14.8715 -0.467845 -0.597624
12.9314 -0.766787 -0.550925
12.8015 -1.37797 -0.606881
12.7433 -1.37239 -0.555666
11.0057 -1.12867 -0.437154
-3.51633 -5.52878 0.0547277
13.7515 -1.43635 -0.69539
14.1244 -1.54913 -0.650711
5.20341 4.02449 0.200306
2.3653 -8.78236 17.5652
3.71665 -3.14423 7.47787
4.18333 4.97271 0.234936
2.21011 -2.71065 9.21327
1.97126 -1.68737 9.18322
3.50008 1.65446 5.13301
-2.11081 -2.73106 -1.51146
3.64711 -2.4093 10.7095
25.2746 4.39901 22.7455
5.78043 10.3382 -13.0605
5.77561 10.396 -13.0792
14.718 -2.60908 1.25328
14.8047 -2.91217 1.6103
2.69894 -2.5865 -1.5567
12.0528 -1.62804 0.629304
8.6925 3.37584 -0.608899
9.9857 -0.959688 4.70778
8.8804 3.65493 0.187555
8.79162 1.35772 0.379221
8.91192 2.46936 0.232842
8.60894 1.20223 -0.300191
8.43703 -3.40814 -0.00716363
8.63066 1.14658 -0.274311
1.15777 25.9664 -30.7886
8.87938 1.51489 0.253672
8.82569 1.70002 0.119208
1.15337 26.123 -31.018
9.12362 4.43598 -0.683409
9.9386 -0.632744 4.52145
8.63745 6.15011 -2.36073
1.15792 25.4243 -29.9611
1.171 24.5394 -28.5771
7.02372 7.4351 -3.57372
9.84855 -1.22732 4.18176
-0.0994993 40.4278 -48.7625
10.2644 0.0919238 3.26171
1.15727 25.5791 -30.1989
-0.241454 54.8021 -62.5593
1.17764 24.437 -28.4224
1.40397 -5.47116 12.8439
-0.57981 -3.82958 -0.26116
-2.09363 -3.67242 -0.411334
-9.02773 -4.28793 -6.87105
8.40248 2.01443 -0.691493
8.75626 2.42301 0.122699
8.07718 2.09696 -1.06933
10.4002 -3.74932 -0.343119
7.21522 0.291094 0.211008
-1.49344 -3.38386 -0.164291
14.4214 -4.32775 -5.1044
17.6219 -2.84571 2.53207
9.60869 -3.44891 -0.406218
14.7858 -3.29854 1.69058
14.8333 -3.38648 1.78707
1.4394 17.1278 -25.815
15.1381 -2.68739 2.28993
15.8983 -2.77419 1.00245
14.7846 -3.18478 1.92535
18.4597 -4.77107 -6.31895
14.7917 -2.93797 1.49247
18.4754 -4.7886 -6.31012
10.4205 -4.15104 -2.68157
-10.1496 -4.43901 -7.16192
-3.4331 -5.20343 -8.00504
12.2689 -2.74638 2.10375
8.68858 -1.20905 2.73866
10.46 -4.11393 -2.51642
-7.26284 -4.58099 -6.25802
12.8561 -3.00383 2.103
-2.22466 2.32728 0.0243166
-2.247 0.323722 0.173913
6.10106 1.51173 -0.220638
-2.20751 0.545473 -0.10673
-2.21573 -4.75372 1.08268
1.04547 -4.18166 -1.41807
6.29854 -4.20848 1.10006
10.6263 -4.27602 0.35397
9.46148 -4.1198 -0.252639
-1.61563 -4.47097 1.37523
1.02887 19.1181 -28.3833
7.0079 1.70692 -0.453222
9.88948 -4.11673 0.48135
15.9495 -3.8841 3.82364
15.4394 -4.29806 3.13189
15.4508 -3.27385 3.11541
15.5067 -4.41855 3.26942
16.588 -3.81703 2.49462
9.74584 3.57312 1.81909
-4.70318 6.65293 -0.54951
-6.32351 -4.80535 -4.42297
-4.59961 -4.51797 -1.14128
10.6163 1.46585 5.07586
15.7196 -4.26019 3.33399
12.5423 -3.20891 12.3007
17.9329 -17.276 32.7532
-3.35108 -5.15075 -8.02998
14.9443 0.806942 -11.5531
10.5721 -4.34975 -2.25256
13.3978 -4.01313 3.60986
-2.25926 0.260344 0.285836
-2.20802 0.512176 -0.0453435
-2.34625 -5.45158 2.04923
19.8672 -6.02982 -3.614
12.7083 -6.47173 17.6936
1.04682 -6.00953 0.950089
1.29704 17.2965 -26.4105
5.24912 15.2659 -21.5001
7.164 0.482591 0.403679
11.2637 -5.96557 2.79448
-1.76292 -5.48003 2.80872
19.7437 -5.69716 7.27476
11.1362 -5.83835 2.43476
-4.44169 6.79067 -1.15156
9.12379 -4.96077 11.8935
10.3181 -5.44699 2.46867
16.8687 -5.45141 6.54367
9.76975 4.28741 2.10328
16.3779 -5.96196 5.83969
16.8361 -5.37826 6.63251
16.4216 -6.04319 5.92661
1.3076 17.3724 -26.407
16.771 -5.2591 6.49714
17.5484 -5.24648 4.95716
1.30781 17.3817 -26.4026
16.4021 -5.91449 6.23405
11.0134 1.1157 7.30801
-4.78903 -5.49946 0.0905688
10.7463 0.973061 6.22254
16.1506 -5.16516 5.09248
11.1309 -5.95728 -0.373626
1.38257 17.2969 -26.2091
12.5244 -3.72248 13.6201
1.22667 17.6118 -26.9211
8.2234 -1.31879 6.60675
18.5565 -19.9846 38.8759
10.2869 -5.55342 2.49298
-6.66659 -5.08059 -5.37094
-4.95077 -5.17306 -3.89506
-7.10026 -4.83348 -5.99903
-7.49555 -4.59507 -6.51484
17.9153 -7.22531 -2.11975
9.569 -3.77346 -0.358577
-1.2796 -3.58591 0.197865
14.9236 -0.711572 -0.724632
13.0132 -0.950937 -0.644896
16.6182 -7.9607 -2.15812
12.787 -1.71958 -0.644636
13.0071 -0.891999 -0.573318
2.17679 -2.05818 4.82583
13.0055 -0.871489 -0.548659
13.8634 -1.60007 -0.748018
12.7563 -1.50765 -0.551168
12.8814 -1.54912 -0.670484
16.7916 -7.99542 -2.18132
13.7382 -1.55627 -0.614562
-10.1265 -9.862 -0.56331
0.641184 -2.3059 3.93857
17.3866 -7.78981 -2.18641
10.8982 -1.27688 -0.433552
-8.24428 -10.1227 0.142944
-7.88877 -9.87509 -0.48485
-3.1149 6.52711 -0.151061
1.17169 1.69893 0.654126
0.209175 -2.33064 7.06358
3.89967 4.50797 2.0472
0.513861 4.08881 0.448611
3.78431 2.06683 0.146184
1.52343 6.02935 -2.91406
1.76218 3.86812 1.94155
8.88489 3.45902 0.516754
-2.06471 -2.86863 -1.45055
8.81906 1.46467 0.467166
8.90897 0.994712 0.952518
8.83967 4.66505 0.893181
-1.46972 -2.70962 -1.07351
8.81625 4.70346 0.856587
2.55232 16.6922 -19.2559
6.85449 9.04603 -13.0083
6.78385 4.29433 -2.14603
6.84755 9.05634 -12.9808
8.55573 5.35739 -0.799841
5.71016 9.18929 -11.0801
6.84513 9.06094 -12.9724
8.60088 4.00227 -0.138271
14.9666 -3.5153 2.43852
1.81985 14.1032 -16.4709
-4.36541 -2.17078 -3.96739
3.47402 24.6446 -30.425
7.96493 4.69984 0.274607
8.6142 4.89658 -0.228314
6.85708 3.79159 -1.62656
12.3696 -3.0022 2.27436
-12.2247 -19.8943 9.96357
3.11821 23.0301 -28.9172
1.69982 12.818 -15.2731
1.24047 47.0603 -59.9209
11.52 -0.495181 -4.11009
-2.03558 -3.34957 -0.594305
-7.46282 -0.556841 -9.86079
3.74122 -2.81008 -1.22373
3.93194 -4.76039 0.889071
3.96669 -4.76031 1.20808
4.24876 -5.53576 1.60707
16.3917 -0.711006 0.155217
14.6776 -2.75365 1.52171
15.275 -1.60503 -7.31136
15.5794 -0.256463 -8.91923
10.2556 -3.3366 -0.698409
15.9772 -0.753957 -9.47589
4.8979 -2.79406 -1.25276
-1.56525 -3.96045 0.644106
13.7755 -1.08847 -0.700989
13.9344 -1.45807 -0.297303
10.2718 -3.78587 -2.99938
13.2833 -0.813702 -8.36589
14.6012 1.82314 -11.8182
17.5317 -1.41991 -9.49781
2.53263 -5.6319 2.10662
8.86833 -2.17368 -4.42063
20.3646 -5.85391 -5.93263
15.8194 -2.75457 1.22007
7.29906 -3.67744 -0.240655
14.3689 -0.816854 -7.97173
15.6163 -0.194627 -9.01192
14.6771 -1.46149 -7.8939
12.0897 -0.56795 -7.18591
13.7755 -2.23701 -7.24692
9.36399 -3.72198 -4.09446
-5.30777 -1.26335 -7.65732
-7.55401 -1.22468 -10.5205
13.0391 -3.44665 -4.25827
13.5914 -2.16973 -5.79837
15.338 -0.871134 -0.22561
13.6833 -1.87393 -5.44455
14.4662 -1.21619 -7.41614
2.47628 21.2848 -27.1487
2.36758 22.9417 -29.2867
-3.36981 -0.519219 7.2761
0.845136 9.77544 -15.1087
-2.39791 3.59089 0.818848
6.14034 14.1292 -19.9192
2.94737 14.4475 -20.1544
3.02595 13.485 -19.1037
14.3807 3.09921 -11.9168
6.6202 9.21194 -16.2522
6.75689 8.5652 -16.1611
1.62999 7.05517 -13.025
6.2103 15.7623 -20.6963
11.9857 5.18609 -13.3403
6.15669 15.8596 -20.8097
5.34316 13.9644 -19.6047
0.65583 11.1053 -16.2092
7.03313 9.51281 -16.3309
6.14996 15.837 -20.8705
6.2272 15.6573 -20.6691
6.44964 9.9516 -16.5827
12.74 4.55923 -12.9138
6.00723 16.5135 -21.3219
-2.93255 7.49764 -16.5712
5.96516 16.593 -21.4164
3.37783 15.6004 -21.4258
6.58709 15.7407 -20.7482
4.14837 14.5123 -20.2023
8.9905 7.58974 -14.8732
3.2124 15.0784 -20.634
8.8346 7.48553 -14.7357
-1.95238 9.0559 -17.1012
-2.23369 8.77448 -17.4779
-3.00734 9.60484 -19.2079
8.825 7.65275 -14.8018
11.0301 6.01426 -13.8844
-4.32456 8.65041 -17.5671
9.79539 7.0006 -14.3806
9.33287 6.84653 -14.6551
4.86389 14.6986 -20.3723
10.0038 6.6451 -14.1016
2.2084 8.68436 -15.8992
9.81741 7.21752 -14.1705
4.00544 20.5565 -25.9413
-1.78818 -4.07568 0.128884
17.6818 -7.52562 -2.07835
15.0118 -0.320681 -0.231231
12.8784 -1.24747 -0.235774
12.8492 -1.24054 -0.214017
-9.96849 -10.1633 -1.44892
12.8408 -1.42835 -0.253982
12.8375 -1.44665 -0.273783
12.9686 -0.467193 -0.187418
12.9654 -0.46589 -0.184472
13.8516 -1.34059 -0.334655
13.9294 -7.89189 -1.70847
12.8194 -7.69387 -1.48452
14.0098 -7.89569 -1.77553
20.352 -8.71675 -3.27365
18.577 -8.58211 -2.7578
20.4447 -8.66391 -3.33885
0.188928 -2.54928 6.8572
1.85205 1.38008 0.621113
0.501055 -14.0306 19.3125
1.44785 -2.8668 7.27236
0.89283 -2.1822 5.65178
2.07133 -2.99963 6.66555
-0.120928 -11.6537 17.374
3.99168 -4.88251 6.74591
-1.02936 -12.2953 17.1903
-1.55549 -11.9056 15.7093
5.35713 2.86 0.717944
5.75886 -4.95124 9.14149
6.04099 -12.9555 17.1641
3.34661 6.38188 -5.06438
-2.98582 -1.17825 -1.4699
-2.13967 4.68628 -0.69295
4.57047 5.58391 -4.62524
3.35661 4.36834 -1.53025
1.45462 4.17807 -1.33233
1.77457 6.4944 -2.93464
1.22956 6.34438 -5.80422
2.78617 4.34075 -1.5119
-0.469283 4.16573 -1.34594
2.41563 4.71727 -1.41384
2.5909 6.18197 -1.59617
0.642139 7.19567 -5.18628
1.59795 2.72355 3.29053
3.6464 10.4612 -7.648
-0.443979 3.77901 -1.4741
-2.27282 4.34589 -0.291977
-2.04803 3.14581 -1.15409
-1.88125 -2.10592 -2.06412
5.16014 6.52887 1.60169
10.7762 -5.29114 7.85752
10.8673 -5.02655 7.31915
7.6702 -2.82562 -0.359021
18.358 -4.3127 4.4551
15.1192 -3.9387 2.83956
15.0773 -3.91946 2.83777
-0.202937 13.9484 -18.8611
-1.31259 -2.04717 -1.62305
5.93803 7.73175 -5.46491
12.0915 -0.523795 3.69127
8.29079 0.13035 1.01139
12.9699 -17.0723 23.7611
10.1733 -4.13396 8.19871
13.086 -17.5742 24.2837
8.879 5.07251 0.247833
26.5426 3.70377 24.1989
15.6435 -3.92142 3.90882
-23.6501 -50.9302 32.9547
15.6359 -3.91231 3.90164
14.8185 -0.801215 3.14787
8.14121 6.60893 -3.14042
12.4049 -3.27161 2.80747
4.30691 31.7048 -34.3233
4.09058 27.63 -31.1081
13.6953 -3.57178 3.02727
0.896922 16.5506 -20.98
-7.29588 -10.4972 1.72939
4.3387 29.6435 -32.6695
13.0113 -3.57408 2.85654
-2.94794 0.646927 -1.49183
4.33144 29.6375 -32.6789
22.9327 -3.66729 5.69266
9.228 -1.78719 3.86816
17.008 -4.19413 3.67928
13.6373 -3.08088 2.52087
22.6839 -4.12688 3.66998
3.21727 27.642 -30.1758
23.2996 -3.84042 6.08207
1.89786 12.4906 -13.784
2.4957 11.1675 -12.6468
1.49623 1.58222 -1.2741
4.33449 2.47534 -1.25781
2.42116 12.2778 -14.1793
2.50218 10.4697 -12.42
1.50965 -0.028844 -1.54752
-0.429849 0.27348 -0.75848
2.44984 0.327556 -1.82726
0.524913 -0.845745 -1.91449
5.94286 2.43242 -1.32494
-4.28522 -3.65293 -0.821458
6.02858 3.95889 -0.984949
-4.20399 -4.28996 -0.617192
-2.23025 0.458403 0.015671
9.83458 2.592 -2.77013
10.9177 -4.77432 -9.13541
4.54844 4.95835 -0.615309
8.45469 3.46824 -3.25529
10.4166 -2.15024 -5.5077
7.39044 -1.44902 -2.71688
10.398 -4.50379 -8.79199
10.4424 -2.23982 -5.42157
11.2193 0.628617 -4.99652
8.15725 -2.31291 -4.94422
10.5709 -3.52955 -7.87813
-19.147 -12.3813 6.60126
11.2021 -3.98922 -8.45047
16.513 -0.654712 -8.60907
11.3508 -3.11549 -7.05042
1.15017 -3.7222 -1.59363
3.55346 0.0166846 -4.00599
15.3184 -1.08161 -8.6021
8.79577 2.87713 -3.11136
9.34697 -0.12723 -3.87918
1.12707 -3.50331 -2.02308
6.69322 1.73006 -2.27201
-17.108 -17.1914 3.37195
-17.3937 -17.8065 3.89188
12.3665 2.27505 -4.03824
-14.4946 -16.2972 2.62203
16.5232 -1.30348 -8.20195
6.58263 -1.88199 -4.17083
15.3926 -1.43415 -8.46211
15.4556 -1.45719 -8.41424
3.35167 -2.24542 -3.25401
15.8311 -0.334893 -8.71643
7.76302 -2.27878 -4.42821
13.4194 -1.37692 -6.5758
6.76009 2.18077 -1.98585
15.9964 -0.23556 -9.81026
16.1777 -0.983688 -8.12755
12.6594 1.53168 -3.42234
-20.1881 -21.1257 5.91875
12.442 -1.48135 -7.1099
12.5146 1.87333 -3.79706
2.68538 -2.39917 -2.12663
-14.8561 -16.4559 2.49266
15.4627 -0.524888 -8.32847
-14.7959 -16.3819 2.46096
-2.4573 -0.494342 0.126677
13.6902 -1.72554 -7.52604
3.21848 -0.894297 -3.35649
10.5751 0.828989 -4.0539
9.24313 -1.47959 -5.01667
3.74213 -3.27028 -3.0512
7.84297 2.79845 -2.09814
9.11978 -1.72991 -4.76403
13.9465 1.7191 -3.66228
15.5152 -2.23411 -7.6771
13.4609 2.05648 -4.00249
6.84928 2.26665 -1.4308
15.8179 -0.801124 -9.33068
8.87749 4.29059 -2.09853
14.9053 -1.93135 -6.53984
-8.27466 -11.28 -0.0107795
-11.5413 -13.2438 -0.969077
-15.1257 -16.4009 3.77724
8.37647 7.00202 -3.72318
10.8301 -4.29654 -8.81873
8.84407 4.79927 -1.7292
-1.70806 -10.1095 -3.75159
4.26522 -0.10166 -4.11769
9.04743 5.46648 -1.02936
9.27899 5.63506 -0.13589
2.50889 1.96677 -1.06675
1.51248 0.974227 0.114284
10.7598 -6.97334 -1.15603
-1.76977 -3.94968 0.306337
10.7559 -6.97348 -1.15423
17.7914 -7.52166 -2.36663
-1.28365 -3.46663 0.331542
11.8633 -9.10894 -2.09582
15.0576 -0.136989 -0.094544
12.8864 -1.10101 -0.120325
-11.3275 -10.1364 -1.04607
2.81745 -3.77646 0.132609
12.9641 -1.10323 -0.164214
17.6352 -8.52192 -2.78872
12.8761 -1.30045 -0.173214
12.8859 -1.2886 -0.164429
17.9337 -7.4855 -2.49713
-9.98189 -10.5859 -1.26828
-9.95832 -10.5801 -1.23396
6.84592 -0.570983 0.162026
14.2785 -1.2872 -0.190005
13.8628 -1.20606 -0.239333
13.1125 -0.45884 -0.107231
-10.0115 -10.7193 -1.45634
10.0532 -5.86237 -0.718938
-5.92389 -9.5393 -0.970088
14.1427 -6.42122 -1.36455
2.30989 -0.854977 6.96358
1.86967 6.34235 -5.6463
3.47856 5.39936 -4.54733
1.06063 -1.61457 6.35776
2.47034 3.18341 0.246849
-0.241315 -8.7596 14.5223
2.8795 -8.17329 13.8369
0.227167 -12.3132 18.0016
-0.174656 -1.44588 6.1442
4.18853 -3.68674 8.22722
4.51468 2.88067 0.645347
2.29524 -0.870379 4.02577
2.87826 -8.7396 11.1255
1.07964 -2.09142 5.51177
2.87034 -3.26456 7.72287
1.4076 -0.0406156 1.76323
3.88545 3.31986 -1.65625
1.78317 -2.83097 5.75328
3.42731 -2.32933 4.42139
-1.40779 -57.6667 71.99
2.73295 -8.68825 12.9036
1.95715 3.12014 -1.42043
5.36273 2.81859 0.746004
4.43942 0.694487 -0.19937
-1.84811 -20.1306 25.3774
0.213915 -7.82332 11.6905
1.1354 -9.01701 11.4251
2.60208 -4.70005 6.48375
1.36847 -1.79537 3.8462
2.18385 2.98721 -1.25476
4.92481 -3.01076 5.25991
2.48756 -0.59244 -0.885953
-2.15318 4.7499 -0.742147
4.33739 9.0526 -7.7662
-2.1008 3.10625 -1.06917
4.45244 -1.39975 -0.88193
3.75712 6.25937 -2.76185
-2.62692 0.307727 1.07829
2.51502 -1.2512 -1.05352
-3.76431 0.878868 -5.08679
-2.18206 4.55009 -0.536459
10.3703 -2.94223 5.15708
-1.77649 -1.40473 -2.55574
14.3917 10.6377 5.77104
8.35879 -3.55102 -3.9418
7.59661 -2.02807 -1.04026
10.484 -2.85938 4.87767
-1.25208 -1.42224 -2.047
0.981109 -2.40436 -2.66514
11.048 -7.71827 12.074
10.061 -3.02008 -0.157444
6.03475 -2.66342 -0.654064
17.693 -2.79108 2.92111
14.7335 -2.79103 1.71078
2.51901 -2.27941 -1.55217
4.94086 -2.44237 -1.6246
2.82979 -2.41197 -1.43526
14.691 -2.4834 1.35851
8.03931 0.134905 -6.63364
20.3737 -1.46806 4.04318
20.8146 -1.14544 4.92617
8.30916 0.263587 0.832066
8.46168 -0.594972 1.64899
15.0257 -3.60867 2.38301
13.4493 -2.6234 2.11965
14.9833 -3.47836 2.25824
-2.97119 0.823083 -1.56347
18.5497 -2.28932 3.03197
-2.83731 -1.1855 -2.7215
3.62541 -2.71779 -3.70937
3.58953 35.589 -37.8751
5.89568 14.8676 -17.0111
12.111 -1.93592 1.48341
-3.74882 -0.114964 -5.43809
5.59612 -1.82406 -0.80825
-2.78417 1.35552 -2.05939
3.51151 36.0352 -38.3732
3.91022 19.8105 -21.4092
6.00136 8.06128 -7.68657
5.58064 -2.91545 -2.78677
3.67771 32.7649 -35.4446
20.9683 1.50538 5.57482
21.7512 1.44284 6.37231
16.5147 -2.91617 2.41616
5.89339 14.6428 -16.7694
21.7808 -1.77733 3.64668
2.87636 25.8303 -28.4656
6.86392 15.8714 -16.6828
8.03905 8.88138 -5.62122
0.554434 -2.81227 0.462183
17.9496 -7.24111 -1.76381
12.9574 -0.816926 0.244506
-1.28317 -3.36364 0.445684
13.1905 -0.165462 0.258835
13.1831 -0.105987 0.329732
12.9628 -1.03297 0.168246
14.4114 -0.967449 0.206744
12.9682 -1.00734 0.195611
13.9895 -0.876092 0.169967
-6.11595 -9.56969 -1.23256
-4.14482 -8.41365 -0.525969
14.452 -0.986331 0.16204
2.56441 8.91575 -8.3517
4.49009 3.24379 0.281367
1.19286 0.819075 3.32011
1.46241 -2.50467 6.89244
3.46835 1.43267 2.5819
0.240541 -2.75039 7.17134
3.27037 -9.95615 15.5229
0.0544601 -10.2606 15.8265
0.0165179 0.651138 3.52244
4.59408 -3.55556 7.59603
0.686989 -12.0162 17.1532
3.30999 -3.48745 6.01241
2.42268 0.0552612 1.72932
-1.26188 -10.2082 13.9068
1.20878 -2.60197 4.88109
3.76588 2.98663 -2.22927
1.26719 -2.86641 5.8876
3.46355 0.687397 -1.15993
-0.455571 -11.1002 15.9726
-1.07385 0.950794 -1.6225
-3.46553 -27.583 34.8458
-1.15778 -10.2861 15.8058
2.5465 0.149827 -1.55803
-2.25782 4.42828 -0.374124
0.752237 -0.583404 -2.25101
4.44897 -0.33047 -1.88176
-2.18601 2.87499 -0.824843
2.57589 -0.414622 -1.73486
6.23619 3.02449 0.499045
-1.95526 1.6763 -1.6047
-1.63891 -1.02553 -2.89867
-0.909436 -0.536644 -3.99734
10.0777 -1.98487 4.41737
8.63085 1.34578 -0.560915
12.0739 13.7342 -0.930552
2.62776 -1.10393 -2.55991
16.3235 0.00132624 0.241831
13.8292 -0.522329 -0.319788
8.78217 -1.98327 -4.71639
-1.06042 -0.737333 -2.64988
-1.08346 -0.759917 -2.48228
17.0679 0.502605 0.304314
6.22345 15.4676 -17.7803
6.22134 15.4615 -17.7472
14.2464 -0.294718 0.392156
2.85864 28.1785 -31.0047
4.2102 0.199056 -3.32522
11.4911 0.0187465 -0.320984
8.08221 9.14849 -6.08633
-3.47287 0.323824 -5.83641
3.70787 -1.87147 -4.34721
-2.67866 -0.972635 -2.98551
2.79443 27.9098 -30.8102
11.5251 0.163092 -0.314402
18.1596 1.90104 1.32619
15.3078 -0.288342 -0.035457
4.11231 33.2605 -36.1996
15.3217 -0.227806 -0.101308
13.2089 13.974 -1.51153
13.2555 3.52394 -3.56402
8.75937 6.09003 -2.59338
4.00903 31.8423 -35.2443
3.44587 25.4101 -28.7531
10.0169 0.64794 3.56549
1.96654 2.35495 0.686203
1.90369 1.38229 1.77652
2.40995 -1.78187 0.154529
4.32841 -2.56636 0.0219284
0.551847 -3.23308 -0.0518993
2.45292 -2.57286 0.0783162
-1.96725 -4.22831 -0.206097
2.65702 -4.05086 -0.213404
-1.38726 -3.74732 -0.106416
18.0677 2.42607 0.362639
-7.64498 -9.29449 1.76819
17.6889 2.30185 0.346665
12.9301 -0.895637 0.185903
-4.31699 -5.60203 -0.893183
14.6591 -0.240523 0.0606483
12.959 -1.02956 0.194809
8.73579 -2.1823 -1.72051
2.11519 1.15628 0.270893
10.9923 -0.710059 0.243536
13.0975 -0.0224914 0.29255
-5.92916 -8.03659 1.14612
0.502159 -11.7243 -4.15116
10.344 -2.98612 -0.060416
-5.07074 -7.17523 0.562184
19.987 1.28949 0.18366
0.230537 -8.74265 1.74413
